2.102371760050455691e+02
2.102371760050455691e+02
2.102371760050455691e+02
2.102371760050455691e+02
2.102371760050455691e+02
2.102371760050455691e+02
2.102371760050455691e+02
2.102371760050455691e+02
2.102371760050455691e+02
2.102371760050455691e+02
2.102371760050455691e+02
2.102371760050455691e+02
2.102371760050455691e+02
2.102371760050455691e+02
2.102371760050455691e+02
2.102371760050455691e+02
2.099579203287760549e+02
2.085137064615885549e+02
2.072646306355794366e+02
2.056414774576822992e+02
2.052693623860677121e+02
2.037844848632812500e+02
2.031898976643880133e+02
2.023578582763671818e+02
1.970643561045328909e+02
1.953267548878987725e+02
1.943992295583089174e+02
1.922721594492594477e+02
1.943734788258870481e+02
1.966650783538818246e+02
1.924746939341227119e+02
1.894252691904703738e+02
1.850578533172607365e+02
1.854984432220458928e+02
1.845314469655354799e+02
1.851831406911214231e+02
1.887892818450927734e+02
1.896806255340576115e+02
1.877885972340901617e+02
1.852958390553792185e+02
1.826830501556396484e+02
1.810351487477620367e+02
1.790977026621500556e+02
1.732091574350992857e+02
1.683673737843831475e+02
1.686803030649820982e+02
1.695243770599365121e+02
1.696578406016031977e+02
1.698140585581461721e+02
1.698743185679117857e+02
1.688700664520263786e+02
1.718295823415120367e+02
1.730629156748453852e+02
1.709038412729899221e+02
1.733505528767903741e+02
1.732723673502604242e+02
1.717477096557617244e+02
1.695477096557617074e+02
1.674625727335611884e+02
1.629530131022135322e+02
1.624225484212239508e+02
1.628554222106933480e+02
1.646856824239094976e+02
1.615783167521158816e+02
1.593001761118570982e+02
1.564799363454182810e+02
1.537737951914469363e+02
1.502176781972249273e+02
1.479099923451741461e+02
1.443046854654947992e+02
1.407465449015299441e+02
1.356011784871419366e+02
1.295578257242838447e+02
1.290213292439778741e+02
1.278189407348632756e+02
1.203849726359049441e+02
1.135843378702799527e+02
1.080277867635091127e+02
1.028082061767578068e+02
9.719247964223225722e+01
9.071944147745767850e+01
8.389396896362305256e+01
7.789862670898438068e+01
7.560328445434569744e+01
7.284127553304035985e+01
7.219010060628255587e+01
7.010179951985676894e+01
7.001953023274739962e+01
7.023516693115234943e+01
7.309236857096354356e+01
7.719868011474609659e+01
7.621682052612304403e+01
7.399102821350098225e+01
7.520467643737792685e+01
7.433928426106770360e+01
7.251356760660807765e+01
7.149615529378255019e+01
7.025566024780273722e+01
6.911966222127279025e+01
6.932479883829752509e+01
7.027633234659830919e+01
6.915893599192301622e+01
6.965491313934326456e+01
6.944020557403564453e+01
6.922549800872802450e+01
7.065954494476318359e+01
7.022348728179932209e+01
7.077378152211507256e+01
7.012046286265055528e+01
7.094559961954752225e+01
7.169500497182210097e+01
7.175214583079019803e+01
7.228893133799235216e+01
7.365094025929768407e+01
7.260342337290445869e+01
6.841173915863036825e+01
6.596570727030436387e+01
6.298031024932861044e+01
5.813034057617187500e+01
5.219600760142008511e+01
4.646617800394694342e+01
4.439382979075114122e+01
4.288528912862141595e+01
4.105648822784424112e+01
4.034060106277465962e+01
4.016129541397094727e+01
3.958761809666951592e+01
3.840878327687581617e+01
3.830680001576741489e+01
4.011674048105875556e+01
3.880671138763428019e+01
4.240439694722493158e+01
4.429760487874349195e+01
4.626779950459798130e+01
4.970512059529622206e+01
5.062172775268554403e+01
5.255980898539225166e+01
5.261299756368001113e+01
5.425093866984049384e+01
5.655717124938964702e+01
5.882079887390136719e+01
6.175579719543456747e+01
6.298102060953775805e+01
6.114768727620442945e+01
6.282387975056965956e+01
6.480007222493489394e+01
6.794766305287679131e+01
6.985369962056478244e+01
6.997383944193522609e+01
7.009397926330566975e+01
7.325805670420328397e+01
7.469238967895508097e+01
7.719211978912353800e+01
7.972092068990072278e+01
8.168426370620727539e+01
8.341746695836384617e+01
8.444188992182414211e+01
8.692599309285482434e+01
8.634773203531901231e+01
8.302978134155273438e+01
8.159576810201009778e+01
7.934881223042806653e+01
7.625228068033854356e+01
7.421073125203450616e+01
7.110785751342773153e+01
6.905355987548827557e+01
6.827555414835612169e+01
6.753937276204426610e+01
6.444099756876627794e+01
6.067433090209961222e+01
5.757736994425455634e+01
5.361070327758788778e+01
5.111070327758788778e+01
5.097061818440754877e+01
4.973053309122721544e+01
4.819044799804687784e+01
4.504385681152344034e+01
4.381713066101074361e+01
4.546465714772542555e+01
4.684551696777343466e+01
4.434910583496093750e+01
4.424181404113769389e+01
4.220975023905436530e+01
3.974308357238769673e+01
3.906229438781738139e+01
3.770839678446451870e+01
3.717699699401855185e+01
3.588440793355305658e+01
3.628248418172200473e+01
3.782371838887532789e+01
3.807718683878580634e+01
3.651052017211914347e+01
3.623229935963948378e+01
3.522137997945149834e+01
3.448548304239908902e+01
3.357296943664550781e+01
3.108594284057617330e+01
3.199768651326497348e+01
3.206966025034586920e+01
3.242724628448486612e+01
3.265808048248290874e+01
3.262512162526448378e+01
3.284937432607014784e+01
3.243165324529012139e+01
3.201393216451008783e+01
3.159621108373006138e+01
3.149311240514119348e+01
3.036485147476196289e+01
2.814823465347290110e+01
2.619828449885050503e+01
2.508166767756144111e+01
2.330567598342895508e+01
2.238905916213989400e+01
2.290542052586873467e+01
2.347208719253540110e+01
2.313780883153279788e+01
2.236620480219523088e+01
2.145879386266072686e+01
2.057695995966593472e+01
1.886380186080932475e+01
1.797808974583943709e+01
1.784097305933634559e+01
1.793795951207478723e+01
1.763567571640014719e+01
1.657863931655883860e+01
1.552160291671753001e+01
1.561141812006632534e+01
1.315917946497599367e+01
1.281703551610310932e+01
1.218927927017211843e+01
1.170684590339660680e+01
1.148820559183756451e+01
1.121162891387939453e+01
1.145044444402058836e+01
1.168925997416178397e+01
1.193520180384317975e+01
1.308803523381551059e+01
1.458251778284708600e+01
1.652723010381062707e+01
1.847194242477416992e+01
2.115999275843302385e+01
2.279922297795613773e+01
2.314570964177449497e+01
2.220172694524129398e+01
2.265402034123738773e+01
2.474840815862019738e+01
2.711807864507039412e+01
3.001807864507039270e+01
3.194293088912963796e+01
3.413376016616821573e+01
3.810760780970255723e+01
4.198460893630981161e+01
4.482292960484822686e+01
4.888949658075968330e+01
5.209665822982788086e+01
5.630381987889607842e+01
6.059428942998250278e+01
6.523478441238403036e+01
6.893828795750935967e+01
7.134529390335083576e+01
7.183020071983337118e+01
7.231510753631592081e+01
7.300517183939615506e+01
7.297381216684976835e+01
7.467547086079915175e+01
7.901813405354818087e+01
8.378496017456055256e+01
8.704807802836100450e+01
9.061998252868652060e+01
9.455855369567871094e+01
9.735378684997559162e+01
9.862283706665039062e+01
1.022850006103515597e+02
1.028666545867919950e+02
1.042143611907958984e+02
1.052542517344156892e+02
1.074953751881917299e+02
1.086354493459065793e+02
1.114965132395426366e+02
1.146770776112874302e+02
1.163927188873290959e+02
1.191137526194254548e+02
1.230527675628662081e+02
1.256741756439209041e+02
1.299960130055745537e+02
1.298186008453369027e+02
1.288112542470296091e+02
1.246189800262451115e+02
1.260633566538492829e+02
1.283364650726318246e+02
1.316045558929443473e+02
1.368246702829996764e+02
1.429462988535563284e+02
1.489633158365885492e+02
1.532473144531250000e+02
1.554303568522135492e+02
1.552370829264322936e+02
1.574342788696289119e+02
1.583147369384765568e+02
1.601778533935546989e+02
1.632505655924479129e+02
1.689612487792968807e+02
1.736974990844726676e+02
1.768205123901367131e+02
1.798046442667643134e+02
1.837285634358723883e+02
1.840890375773111884e+02
1.855034261067708314e+02
1.874208068847656250e+02
1.886406010945638059e+02
1.896660883585612112e+02
1.894681869506835881e+02
1.905608210245768248e+02
1.924989822387695426e+02
1.933357096354166629e+02
1.972454297383626169e+02
2.020976331075032419e+02
2.094771581013997377e+02
2.108998469034830805e+02
2.088447647094726562e+02
2.091790880839029967e+02
2.087647260030110772e+02
2.057304100036621151e+02
2.078089749654133982e+02
2.058652107238769418e+02
2.033087450663248603e+02
2.017115542093912666e+02
2.003389712015787723e+02
2.008277229309082088e+02
1.957240358988443916e+02
1.916132316589355469e+02
1.867456662495930857e+02
1.817521639506022098e+02
1.813098993937174441e+02
1.774963269551595033e+02
1.731124320983886662e+02
1.722314440409342353e+02
1.689211939493815180e+02
1.667071914672851562e+02
1.650749282836914062e+02
1.651925755818684820e+02
1.651510523478190180e+02
1.645122416178385549e+02
1.632243499755859375e+02
1.643103368123372263e+02
1.633113622029622434e+02
1.644272496541341013e+02
1.661106226603190237e+02
1.680157302856445369e+02
1.692608683268229299e+02
1.692608683268229299e+02
1.692608683268229299e+02
1.692608683268229299e+02
1.692608683268229299e+02
1.692608683268229299e+02
1.692608683268229299e+02
1.692608683268229299e+02
1.692608683268229299e+02
1.692608683268229299e+02
1.692608683268229299e+02
1.692608683268229299e+02
1.692608683268229299e+02
1.692608683268229299e+02
1.692608683268229299e+02
1.692608683268229299e+02
