-1.911688948567708394e+03
-1.911688948567708394e+03
-1.911688948567708394e+03
-1.911688948567708394e+03
-1.911688948567708394e+03
-1.911688948567708394e+03
-1.911688948567708394e+03
-1.911688948567708394e+03
-1.911688948567708394e+03
-1.911688948567708394e+03
-1.911688948567708394e+03
-1.911688948567708394e+03
-1.911688948567708394e+03
-1.911688948567708394e+03
-1.911688948567708394e+03
-1.911688948567708394e+03
-1.907147937011718795e+03
-1.882011226399739598e+03
-1.870341304524739598e+03
-1.844091312662760402e+03
-1.813153820800781205e+03
-1.793583516438802008e+03
-1.781083520507812409e+03
-1.772675321451822811e+03
-1.768939969889322811e+03
-1.772177274576822811e+03
-1.753227087402343841e+03
-1.730434122721354242e+03
-1.712123579915364644e+03
-1.691410697428385447e+03
-1.660224182128906250e+03
-1.649687072753906250e+03
-1.629779850260416652e+03
-1.607675362141927053e+03
-1.604872627766927053e+03
-1.583544506835937455e+03
-1.546601159667968659e+03
-1.525273042805989689e+03
-1.501103129069010492e+03
-1.503095316569010492e+03
-1.473476180013020894e+03
-1.428681270345052098e+03
-1.389237923177083303e+03
-1.353177380371093705e+03
-1.319456689453124909e+03
-1.312850244140624909e+03
-1.358729134114583303e+03
-1.407098258463541697e+03
-1.449969340006510492e+03
-1.501004479980468659e+03
-1.541785713704427053e+03
-1.585789603678385447e+03
-1.609803267415364644e+03
-1.661717313639322811e+03
-1.697327652994791606e+03
-1.719988781738281205e+03
-1.764827632649739598e+03
-1.815833479817708394e+03
-1.870179170735677189e+03
-1.922386185709635356e+03
-1.976248474121093750e+03
-2.003924251302083348e+03
-2.026819755045572947e+03
-2.059090250651041515e+03
-2.093767972819010538e+03
-2.123797257486979106e+03
-2.150955448404948129e+03
-2.177498409016926871e+03
-2.205916369628906068e+03
-2.220476908365885265e+03
-2.270164396158854288e+03
-2.321023758951822856e+03
-2.366765934244791879e+03
-2.418529593912760447e+03
-2.466869425455729015e+03
-2.507665315755208212e+03
-2.519471956380208212e+03
-2.528964143880208212e+03
-2.532948518880208212e+03
-2.537020784505208212e+03
-2.551171175130208212e+03
-2.556386018880208212e+03
-2.584012963867187409e+03
-2.589198510742187409e+03
-2.598690698242187409e+03
-2.612636002604166606e+03
-2.624413346354166606e+03
-2.627723893229166606e+03
-2.627548111979166606e+03
-2.632147721354166606e+03
-2.636512955729166606e+03
-2.659686775716145803e+03
-2.677294189453125000e+03
-2.691796142578125000e+03
-2.697831298828125000e+03
-2.709608642578125000e+03
-2.724667236328125000e+03
-2.727157470703125000e+03
-2.729530517578125000e+03
-2.735302001953125000e+03
-2.735155517578125000e+03
-2.738671142578125000e+03
-2.740927001953125000e+03
-2.743007080078125000e+03
-2.743680908203125000e+03
-2.742245361328125000e+03
-2.743710205078125000e+03
-2.745057861328125000e+03
-2.750214111328125000e+03
-2.753466064453125000e+03
-2.756747314453125000e+03
-2.762723876953125000e+03
-2.765800048828125000e+03
-2.766591064453125000e+03
-2.768348876953125000e+03
-2.772538330078125000e+03
-2.771571533203125000e+03
-2.771161376953125000e+03
-2.771219970703125000e+03
-2.770721923828125000e+03
-2.773300048828125000e+03
-2.774764892578125000e+03
-2.775673095703125000e+03
-2.774618408203125000e+03
-2.777225830078125000e+03
-2.778397705078125000e+03
-2.778514892578125000e+03
-2.777958251953125000e+03
-2.778632080078125000e+03
-2.779335205078125000e+03
-2.779628173828125000e+03
-2.779628173828125000e+03
-2.778661376953125000e+03
-2.778925048828125000e+03
-2.777899658203125000e+03
-2.777489501953125000e+03
-2.775555908203125000e+03
-2.777108642578125000e+03
-2.777665283203125000e+03
-2.776259033203125000e+03
-2.774501220703125000e+03
-2.773915283203125000e+03
-2.775233642578125000e+03
-2.774844409179687318e+03
-2.774287768554687318e+03
-2.774971362304687318e+03
-2.776560717773437318e+03
-2.776736499023437318e+03
-2.777439624023437318e+03
-2.778347827148437318e+03
-2.777825366210937318e+03
-2.778889819335937318e+03
-2.778909350585937318e+03
-2.780545092773437318e+03
-2.780872241210937318e+03
-2.780784350585937318e+03
-2.780198413085937318e+03
-2.781018725585937318e+03
-2.780374194335937318e+03
-2.779260913085937318e+03
-2.779085131835937318e+03
-2.778424324544270803e+03
-2.778277840169270803e+03
-2.776432137044270803e+03
-2.775992683919270803e+03
-2.777281746419270803e+03
-2.777926277669270803e+03
-2.777574715169270803e+03
-2.777398933919270803e+03
-2.777662605794270803e+03
-2.777809090169270803e+03
-2.775846199544270803e+03
-2.775465340169270803e+03
-2.774917073567708485e+03
-2.775180745442708485e+03
-2.773471761067708485e+03
-2.770769124348958485e+03
-2.768571858723958485e+03
-2.762565999348958485e+03
-2.759899983723958485e+03
-2.759602132161458485e+03
-2.758215413411458485e+03
-2.753859944661458485e+03
-2.752253499348958485e+03
-2.751369710286458485e+03
-2.751047444661458485e+03
-2.751633382161458485e+03
-2.751721272786458485e+03
-2.751076741536458485e+03
-2.750900960286458485e+03
-2.749143147786458485e+03
-2.749100830078125000e+03
-2.745526611328125000e+03
-2.743475830078125000e+03
-2.731259033203125000e+03
-2.711102791341145803e+03
-2.709374275716145803e+03
-2.708466072591145803e+03
-2.708993416341145803e+03
-2.708934822591145803e+03
-2.707089119466145803e+03
-2.699413338216145803e+03
-2.697948494466145803e+03
-2.696278572591145803e+03
-2.694052010091145803e+03
-2.693700447591145803e+03
-2.693641853841145803e+03
-2.695399666341145803e+03
-2.698768806966145803e+03
-2.699091072591145803e+03
-2.697069588216145803e+03
-2.696161385091145803e+03
-2.698007088216145803e+03
-2.689686775716145803e+03
-2.688544197591145803e+03
-2.685848885091145803e+03
-2.683387947591145803e+03
-2.681132088216145803e+03
-2.675331306966145803e+03
-2.676018969726562318e+03
-2.682889615885416788e+03
-2.683286751302083303e+03
-2.684085343424479106e+03
-2.668850976562499909e+03
-2.676276285807291515e+03
-2.697750284830729015e+03
-2.699472355143229379e+03
-2.693876652018229379e+03
-2.691074381510416515e+03
-2.684922265624999909e+03
-2.668828523763020712e+03
-2.674980257161458212e+03
-2.677908398437500182e+03
-2.673998103841145621e+03
-2.669265494791666697e+03
-2.664928727213541606e+03
-2.655927783203124818e+03
-2.648101570638020803e+03
-2.655457405598958303e+03
-2.652046687825520621e+03
-2.645696744791666788e+03
-2.636017708333333303e+03
-2.610310754394531159e+03
-2.589733113606770985e+03
-2.559996793619791788e+03
-2.534958040364583212e+03
-2.508538094075520803e+03
-2.485071305338541606e+03
-2.463873258463541788e+03
-2.436079398600260447e+03
-2.406884541829427235e+03
-2.387942492675781068e+03
-2.362601269531250182e+03
-2.333767822265625000e+03
-2.299155021158854197e+03
-2.261968131510416697e+03
-2.228165991210937591e+03
-2.200099593098958394e+03
-2.164493668619791606e+03
-2.127901656087239644e+03
-2.097852832031249818e+03
-2.071281184895833121e+03
-2.034544458007812409e+03
-1.993220389811197947e+03
-1.957025276692708303e+03
-1.880883550008137945e+03
-1.799034909057617142e+03
-1.715220521036783794e+03
-1.617688929239908930e+03
-1.530513733927408794e+03
-1.463660393269856741e+03
-1.404582138061523438e+03
-1.355702137247721339e+03
-1.324587771606445358e+03
-1.298009388224283839e+03
-1.283954403686523392e+03
-1.240440682983398347e+03
-1.209632422892252634e+03
-1.185388172403971339e+03
-1.182318596394856741e+03
-1.176693596394856741e+03
-1.174525627644856741e+03
-1.173462798055013081e+03
-1.191075542195638036e+03
-1.196056010945638036e+03
-1.199903667195638036e+03
-1.211900086466471294e+03
-1.216411805216471294e+03
-1.222446961466471294e+03
-1.248491879272460892e+03
-1.272096790568033839e+03
-1.274788135782877589e+03
-1.301606487019856786e+03
-1.315883826700846384e+03
-1.332301766967773347e+03
-1.395665287272135402e+03
-1.450955151367187455e+03
-1.505134822591145848e+03
-1.580222696940104242e+03
-1.644756559244791561e+03
-1.688457897949218705e+03
-1.731725952148437500e+03
-1.791705061848958394e+03
-1.827277146402994731e+03
-1.870549702962239508e+03
-1.893613077799479242e+03
-1.939158463541666606e+03
-1.979773518880208258e+03
-2.014239595540364689e+03
-2.021584004720052008e+03
-2.036815686035156205e+03
-2.026000834147135492e+03
-2.030226635742187455e+03
-2.033467500813802189e+03
-2.044934419759114689e+03
-2.050638736979166879e+03
-2.047109114583333394e+03
-2.048494681803385447e+03
-2.049992472330729015e+03
-2.034266369628906205e+03
-2.050447595214843659e+03
-2.073679736328124818e+03
-2.069866967773437409e+03
-2.064349389648437409e+03
-2.074911336263020985e+03
-2.087009204101562318e+03
-2.120530619303385265e+03
-2.164108150227864371e+03
-2.170202917480468841e+03
-2.200507507324218750e+03
-2.212197595214843659e+03
-2.230258349609374818e+03
-2.212589770507812318e+03
-2.202388212076823038e+03
-2.197803047688802053e+03
-2.201033190917968568e+03
-2.221271252441406432e+03
-2.218428755696614644e+03
-2.216405847167968659e+03
-2.224658402506510356e+03
-2.207831319173177235e+03
-2.214264709472656250e+03
-2.210108654785156432e+03
-2.201986848958333212e+03
-2.200077099609375182e+03
-2.187566182454427235e+03
-2.190027746582031341e+03
-2.198599527994791515e+03
-2.212683866373698038e+03
-2.219183866373698038e+03
-2.219183866373698038e+03
-2.219183866373698038e+03
-2.219183866373698038e+03
-2.219183866373698038e+03
-2.219183866373698038e+03
-2.219183866373698038e+03
-2.219183866373698038e+03
-2.219183866373698038e+03
-2.219183866373698038e+03
-2.219183866373698038e+03
-2.219183866373698038e+03
-2.219183866373698038e+03
-2.219183866373698038e+03
-2.219183866373698038e+03
-2.219183866373698038e+03
