1.779883516947428461e+02
1.779883516947428461e+02
1.779883516947428461e+02
1.779883516947428461e+02
1.779883516947428461e+02
1.779883516947428461e+02
1.779883516947428461e+02
1.779883516947428461e+02
1.779883516947428461e+02
1.779883516947428461e+02
1.779883516947428461e+02
1.779883516947428461e+02
1.779883516947428461e+02
1.779883516947428461e+02
1.779883516947428461e+02
1.779883516947428461e+02
1.631030810038248831e+02
1.493304501851399664e+02
1.166403811136881501e+02
8.233606592814128078e+01
5.769263636271158902e+01
4.097909367879231723e+01
2.695340245564778670e+01
1.135944900512695277e+01
-4.847744496663411340e+00
-1.383534876505533795e+01
-6.304788462320963127e+00
-2.468182627360026249e+00
-3.545436859130859375e+00
-8.305515289306640625e+00
-3.952132924397786518e+00
-8.942177073160808121e+00
-1.196422500610351491e+01
-9.157305399576822769e-01
1.997150090535481937e+01
4.922140324910481723e+01
7.638530705769856866e+01
9.008948237101236600e+01
1.035617245992024777e+02
1.199794466654459626e+02
1.420694989522298215e+02
1.596274515787760322e+02
1.832423116048177008e+02
1.851879933675130303e+02
1.841695739746093636e+02
1.877955220540364678e+02
1.989712397257486884e+02
2.184664082845052064e+02
2.600758219401041629e+02
2.972524576822916629e+02
3.210183003743489394e+02
3.318075500488281477e+02
3.276299428304036496e+02
3.442687347412109489e+02
3.411111307779947879e+02
3.478483729044596089e+02
3.396826329549153911e+02
3.408858993530273551e+02
3.447443018595377566e+02
3.397612894694010492e+02
3.343894114176432026e+02
3.320160558064778797e+02
3.265983230590820199e+02
3.270907201131184934e+02
3.256074742635091184e+02
3.009885467529296648e+02
2.812010299682617074e+02
2.678554407755534044e+02
2.629121622721353901e+02
2.535370450337727846e+02
2.423372786204020315e+02
2.355626707712809207e+02
2.210348293304443246e+02
2.184483333587646428e+02
2.036880240122477232e+02
1.855019868214925225e+02
1.754607933044433707e+02
1.602931048075357978e+02
1.450129763285318916e+02
1.304495094299316520e+02
1.146676272074381444e+02
1.120609092712402344e+02
1.287156725565592410e+02
1.202438657124837249e+02
1.246367080688476534e+02
1.162161188761393191e+02
9.595044911702474622e+01
7.688410085042318087e+01
5.124982248942057339e+01
3.509971669514973769e+01
1.615245717366536482e+01
-1.066581217447916607e+01
-3.265879720052083002e+01
-6.527170613606770644e+01
-9.214347839355468750e+01
-1.063990788777669252e+02
-1.238610412597656278e+02
-1.423982147216796932e+02
-1.765118016560872434e+02
-2.072051088968912893e+02
-2.289675515492757256e+02
-2.582891005198160883e+02
-2.746174622853596929e+02
-2.978872010548909657e+02
-3.092269039154052734e+02
-3.241431535085042128e+02
-3.481405016581217637e+02
-3.686046867370605469e+02
-3.920947202046712050e+02
-4.165214429219564067e+02
-4.368607612609863509e+02
-4.649524258931477902e+02
-4.941685900370279683e+02
-5.083606712341308480e+02
-5.192342636108398892e+02
-5.301882980346679233e+02
-5.320647445678711165e+02
-5.479898564656575672e+02
-5.562199752807616733e+02
-5.684349024454752453e+02
-5.855729883829752680e+02
-5.930952702840169195e+02
-6.047424423217773892e+02
-6.156143966674804915e+02
-6.299103602091471430e+02
-6.316955591837564725e+02
-6.371445887247721203e+02
-6.446521835327148438e+02
-6.435646814982096657e+02
-6.356812830607096885e+02
-6.382099675496418740e+02
-6.366701807657877907e+02
-6.416092249552408475e+02
-6.466266606648763400e+02
-6.424358729044596430e+02
-6.280775385538737510e+02
-6.226053807576497547e+02
-6.194571426391601108e+02
-6.179594965616862510e+02
-6.184546157836914517e+02
-6.237851394653320085e+02
-6.251186579386393305e+02
-6.415470799763996865e+02
-6.663671946207682595e+02
-6.857783894856770530e+02
-7.012417541503906477e+02
-7.101513346354166742e+02
-7.065890930175780795e+02
-7.148024800618489962e+02
-7.102690897623698447e+02
-7.102069681803385492e+02
-7.060827331542968750e+02
-7.100754048665364735e+02
-7.217764872233072992e+02
-7.206679931640625227e+02
-7.187570638020832803e+02
-7.144881042480468523e+02
-7.146231343587239735e+02
-7.172217773437499773e+02
-7.274619099934895985e+02
-7.341409586588541742e+02
-7.426647969563802008e+02
-7.477146586100260492e+02
-7.510500061035156705e+02
-7.750567901611327670e+02
-8.063754984537760038e+02
-8.244895141601562045e+02
-8.419573445638020530e+02
-8.532298197428385720e+02
-8.574033325195312045e+02
-8.590431945800780795e+02
-8.658584370930989280e+02
-8.622618713378906250e+02
-8.587859924316405795e+02
-8.553795288085937045e+02
-8.597951477050780795e+02
-8.625065348307291515e+02
-8.710639485677082803e+02
-8.739025675455728788e+02
-8.846058532714844205e+02
-8.876778991699218295e+02
-8.958052185058593295e+02
-8.971151509602864280e+02
-8.858269388834635265e+02
-8.914372538248697992e+02
-9.032058308919271212e+02
-9.167980895996093977e+02
-9.206089803059895758e+02
-9.304265218098958030e+02
-9.315063395182291970e+02
-9.295617228190104697e+02
-9.287657084147135720e+02
-9.340241658528645985e+02
-9.470309265136718295e+02
-9.476300476074218295e+02
-9.462533996582030795e+02
-9.501911153157551553e+02
-9.488031677246093523e+02
-9.482143208821614735e+02
-9.453608581542969205e+02
-9.354174438476562727e+02
-9.348701822916666515e+02
-9.358324340820312273e+02
-9.351165140787760492e+02
-9.408778849283854697e+02
-9.478610046386718295e+02
-9.544966003417969205e+02
-9.598848307291666515e+02
-9.514402425130208485e+02
-9.417309916178385265e+02
-9.358670817057292197e+02
-9.308319112141927008e+02
-9.217164103190103788e+02
-9.173701619466145303e+02
-9.098199422200520985e+02
-9.004448465983073220e+02
-8.904288635253906250e+02
-8.892397908528645303e+02
-8.832096740722656705e+02
-8.819219177246093295e+02
-8.923246765136718750e+02
-8.812919006347656250e+02
-8.675302591959635947e+02
-8.559342061360677008e+02
-8.484639465332031705e+02
-8.438045817057292197e+02
-8.228192423502604242e+02
-8.091552286783854697e+02
-7.934336242675781250e+02
-7.731834686279296420e+02
-7.597718536376953580e+02
-7.424786824544270303e+02
-7.100917892456054688e+02
-6.903595535278320767e+02
-6.584177047729492642e+02
-6.311977727254231922e+02
-6.020143600463867415e+02
-5.772165959676107150e+02
-5.620575393676757585e+02
-5.409735127766927008e+02
-5.201221127827961936e+02
-4.938012260437011491e+02
-4.675471087137858035e+02
-4.381331072489420535e+02
-4.001933753967285270e+02
-3.813627708435058707e+02
-3.579958173116048101e+02
-3.343558530171712277e+02
-3.038286526997883925e+02
-2.716737220764160270e+02
-2.321984662373860715e+02
-2.088971143086751283e+02
-1.805720705668131529e+02
-1.486597262064615848e+02
-1.187959932963053404e+02
-9.244614054361979072e+01
-7.075599110921224622e+01
-4.562087453206380161e+01
-2.461899439493815223e+01
-2.639091415405273366e+01
-1.809073511759440223e+01
-2.516596221923828036e+00
6.297679392496744910e+00
2.649796829223632955e+01
3.136551742553711009e+01
5.283323491414387973e+01
7.087361984252929403e+01
7.724253184000650663e+01
9.258977406819661837e+01
8.840870463053384753e+01
8.813525416056315009e+01
9.047411117553710369e+01
9.807202428181966525e+01
9.733037185668945312e+01
9.259102045694986316e+01
1.048038078308105412e+02
1.132821149190266965e+02
1.215503893534342410e+02
1.271848945617675781e+02
1.301195096333821652e+02
1.412846519470214730e+02
1.522723116556803404e+02
1.529968711853027230e+02
1.564479077657063897e+02
1.665429700215657647e+02
1.823125671386718807e+02
1.819731979370117188e+02
1.816910664876301951e+02
1.897145759582519418e+02
2.146025367736816349e+02
2.217537096659342524e+02
2.180535113016764228e+02
2.193414110819498717e+02
1.872432472229003793e+02
1.764835182189941349e+02
1.666176246643066463e+02
1.547756642659505246e+02
1.519562319437662836e+02
1.474284482320149721e+02
1.530857701619466127e+02
1.518067591349283987e+02
1.418482645670572992e+02
1.315608352661132869e+02
1.220238204956054631e+02
1.118667512257893861e+02
1.080144949595133426e+02
1.000179205576578738e+02
9.472556927998860488e+01
8.682167193094889512e+01
7.660540860493978244e+01
5.442771695454915459e+01
3.075786374409993584e+01
2.064760793050130161e+01
1.749262695312500071e+01
1.833145751953124858e+01
6.470520019531250000e+00
7.557636006673177143e+00
1.202576751708984304e+01
8.617514546712239820e+00
-6.393365478515624645e+00
-9.592709350585938211e+00
-6.208030954996744732e+00
-1.623733342488606723e+01
-2.603408559163411518e+00
-7.188176727294921520e+00
-9.867169443766275805e+00
-1.449519805908203196e+01
-8.735264078776042496e+00
-1.534266815185546839e+01
-2.504195175170898580e+01
-2.449979476928711009e+01
-1.396002934773762938e+01
-1.479219487508138009e+01
-1.467092056274413991e+01
-9.583004124959309422e+00
-1.786995989481608049e+01
-2.278380266825358191e+01
-2.592995287577311103e+01
-3.397936566670735914e+01
-3.399996655782063470e+01
-2.648168118794758996e+01
-1.446015001932780031e+01
3.561360677083333370e-01
5.011725362141927320e+00
9.185109965006510890e+00
1.015869191487630196e+01
1.164680989583333437e+00
3.420457458496093839e+00
-3.555048116048177054e+00
-1.261756032307942732e+01
-1.261756032307942732e+01
-1.261756032307942732e+01
-1.261756032307942732e+01
-1.261756032307942732e+01
-1.261756032307942732e+01
-1.261756032307942732e+01
-1.261756032307942732e+01
-1.261756032307942732e+01
-1.261756032307942732e+01
-1.261756032307942732e+01
-1.261756032307942732e+01
-1.261756032307942732e+01
-1.261756032307942732e+01
-1.261756032307942732e+01
-1.261756032307942732e+01
