6.401666666666666288e+02
6.401666666666666288e+02
6.401666666666666288e+02
6.401666666666666288e+02
6.401666666666666288e+02
6.401666666666666288e+02
6.401666666666666288e+02
6.401666666666666288e+02
6.401666666666666288e+02
6.401666666666666288e+02
6.401666666666666288e+02
6.401666666666666288e+02
6.401666666666666288e+02
6.401666666666666288e+02
6.401666666666666288e+02
6.401666666666666288e+02
6.517666666666666515e+02
6.395666666666667197e+02
6.493333333333333712e+02
6.513666666666666742e+02
6.483666666666666742e+02
6.479666666666666970e+02
6.542666666666666515e+02
6.528333333333333712e+02
6.477000000000000455e+02
6.517000000000000455e+02
6.559333333333332803e+02
6.545666666666667197e+02
6.772333333333333485e+02
6.738999999999999773e+02
6.566000000000000227e+02
6.371333333333333258e+02
6.303666666666666742e+02
6.209666666666666970e+02
6.235000000000000000e+02
5.994333333333332803e+02
6.021000000000000227e+02
6.153333333333333712e+02
6.286666666666666288e+02
6.373666666666666742e+02
6.423666666666666742e+02
6.318333333333333712e+02
6.296666666666666288e+02
6.239333333333332803e+02
6.333999999999999773e+02
6.428333333333333712e+02
6.294666666666666970e+02
6.486000000000000227e+02
6.453999999999999773e+02
6.296000000000000227e+02
6.101666666666666288e+02
5.915000000000000000e+02
5.685333333333333030e+02
5.600333333333333030e+02
5.383999999999999773e+02
5.246000000000000227e+02
5.046666666666666856e+02
5.051666666666666856e+02
5.145000000000000000e+02
5.224333333333332803e+02
5.297333333333333485e+02
5.325666666666667197e+02
5.242333333333333485e+02
5.187666666666666515e+02
5.127999999999999545e+02
5.267333333333333485e+02
5.269333333333332803e+02
5.157666666666666515e+02
4.959666666666666401e+02
4.742333333333333485e+02
4.545000000000000000e+02
4.494333333333333371e+02
4.265333333333333599e+02
4.071999999999999886e+02
3.806666666666666856e+02
3.396666666666666856e+02
3.168999999999999773e+02
2.793333333333333144e+02
2.499000000000000057e+02
2.249333333333333371e+02
2.055666666666666629e+02
1.867666666666666799e+02
1.681333333333333258e+02
1.425000000000000000e+02
1.366333333333333258e+02
1.192333333333333343e+02
1.075333333333333314e+02
8.213333333333333997e+01
6.126666666666666572e+01
2.713333333333333286e+01
-1.399999999999999911e+00
-3.050000000000000000e+01
-5.506666666666666998e+01
-7.776666666666666572e+01
-1.039333333333333371e+02
-1.307666666666666799e+02
-1.471666666666666572e+02
-1.624333333333333371e+02
-1.682333333333333201e+02
-1.721666666666666572e+02
-1.698000000000000114e+02
-1.820999999999999943e+02
-1.849000000000000057e+02
-2.014000000000000057e+02
-2.124666666666666686e+02
-2.193333333333333428e+02
-2.186666666666666572e+02
-2.171333333333333258e+02
-2.215999999999999943e+02
-2.298333333333333428e+02
-2.442333333333333201e+02
-2.581666666666666856e+02
-2.639333333333333371e+02
-2.803333333333333144e+02
-2.923666666666666742e+02
-3.031000000000000227e+02
-3.138000000000000114e+02
-3.281999999999999886e+02
-3.400333333333333599e+02
-3.384333333333333371e+02
-3.534333333333333371e+02
-3.648333333333333144e+02
-3.851333333333333258e+02
-3.994666666666666401e+02
-4.161666666666666856e+02
-4.240666666666666629e+02
-4.368000000000000114e+02
-4.476000000000000227e+02
-4.616666666666666856e+02
-4.738000000000000114e+02
-4.875666666666666629e+02
-4.968333333333333144e+02
-5.027333333333333485e+02
-5.026999999999999886e+02
-5.065666666666666629e+02
-5.033000000000000114e+02
-5.170666666666667197e+02
-5.151000000000000227e+02
-5.231000000000000227e+02
-5.253666666666666742e+02
-5.212333333333333485e+02
-5.224666666666666970e+02
-5.278666666666666742e+02
-5.242999999999999545e+02
-5.209135335286458712e+02
-5.186802001953125227e+02
-5.203135335286458485e+02
-5.153135335286458485e+02
-5.145135335286457803e+02
-5.213135335286458485e+02
-5.160802001953125000e+02
-5.080135335286458371e+02
-4.994468668619791742e+02
-4.920802001953125000e+02
-4.900802001953125000e+02
-4.943468668619791515e+02
-4.987802001953124886e+02
-5.033468668619791515e+02
-5.120468668619791970e+02
-5.178468668619791515e+02
-5.271135335286458030e+02
-5.246135335286458030e+02
-5.301135335286458030e+02
-5.239135335286458712e+02
-5.292802001953125455e+02
-5.395802001953125000e+02
-5.402802001953125455e+02
-5.500802001953125000e+02
-5.482468668619791288e+02
-5.529802001953124773e+02
-5.538802001953124545e+02
-5.521802001953125227e+02
-5.558135335286458485e+02
-5.586468668619792197e+02
-5.572000000000000455e+02
-5.636333333333333258e+02
-5.664801981608072765e+02
-5.670603963216145758e+02
-5.690739278157551553e+02
-5.670541259765625455e+02
-5.701009908040364280e+02
-5.743145222981770530e+02
-5.699613871256510720e+02
-5.663613871256510492e+02
-5.585613871256510947e+02
-5.476613871256510038e+02
-5.475613871256510947e+02
-5.334947204589843750e+02
-5.208613871256510492e+02
-5.086947204589843636e+02
-4.788947204589843523e+02
-4.506280537923177008e+02
-4.347613871256510265e+02
-4.391280537923177008e+02
-4.392947204589843864e+02
-4.322947204589843864e+02
-4.314613871256510151e+02
-4.172613871256510265e+02
-4.027280537923177235e+02
-3.853280537923176894e+02
-3.629613871256510151e+02
-3.465947204589843977e+02
-3.187613871256510265e+02
-2.912947204589843864e+02
-2.662613871256510265e+02
-2.423613871256510492e+02
-2.158811889648437443e+02
-2.085009908040364621e+02
-1.832541259765625057e+02
-1.507072611490885379e+02
-1.095270629882812443e+02
-6.714686482747396212e+01
-2.703333333333333499e+01
1.190000000000000036e+01
5.293333333333333002e+01
7.826666666666666572e+01
1.230999999999999943e+02
1.510999999999999943e+02
1.897333333333333201e+02
2.183666666666666742e+02
2.321999999999999886e+02
2.508666666666666742e+02
2.803333333333333144e+02
3.194666666666666401e+02
3.563999999999999773e+02
3.897333333333333485e+02
4.172666666666666515e+02
4.522333333333333485e+02
4.871000000000000227e+02
5.164666666666666970e+02
5.378333333333333712e+02
5.717000000000000455e+02
6.041333333333333258e+02
6.372000000000000455e+02
6.606333333333333258e+02
6.850000000000000000e+02
7.061000000000000227e+02
7.445666666666667197e+02
7.651000000000000227e+02
7.835666666666667197e+02
7.847999999999999545e+02
7.882666666666666515e+02
7.964666666666666970e+02
8.001666666666666288e+02
8.058333333333333712e+02
8.300000000000000000e+02
8.342333333333333485e+02
8.417999999999999545e+02
8.461666666666666288e+02
8.581666666666666288e+02
8.675333333333333030e+02
8.642000000000000455e+02
8.710000000000000000e+02
8.683999999999999773e+02
8.763666666666666742e+02
8.818999999999999773e+02
9.030333333333333030e+02
9.078999999999999773e+02
9.186000000000000227e+02
9.255666666666667197e+02
9.288333333333333712e+02
9.325000000000000000e+02
9.347000000000000455e+02
9.307999999999999545e+02
9.311666666666666288e+02
9.509333333333332803e+02
9.658333333333333712e+02
9.696000000000000227e+02
9.833333333333333712e+02
9.682666666666666515e+02
9.682000000000000455e+02
9.744666666666666970e+02
9.850333333333333030e+02
9.990666666666667197e+02
1.002000000000000000e+03
1.005666666666666629e+03
1.022000000000000000e+03
1.039033333333333303e+03
1.054533333333333303e+03
1.067599999999999909e+03
1.086066666666666606e+03
1.107566666666666606e+03
1.106133333333333439e+03
1.126433333333333394e+03
1.145533333333333303e+03
1.165700000000000045e+03
1.176233333333333348e+03
1.173900000000000091e+03
1.156266666666666652e+03
1.137333333333333258e+03
1.127000000000000000e+03
1.128366666666666561e+03
1.127433333333333394e+03
1.119233333333333348e+03
1.111433333333333394e+03
1.103033333333333303e+03
1.100433333333333394e+03
1.102933333333333394e+03
1.101700000000000045e+03
1.104433333333333394e+03
1.107666666666666742e+03
1.107433333333333394e+03
1.106933333333333394e+03
1.095466666666666697e+03
1.099099999999999909e+03
1.084933333333333394e+03
1.073500000000000000e+03
1.059233333333333348e+03
1.049200000000000045e+03
1.043933333333333394e+03
1.036733333333333348e+03
1.031933333333333394e+03
1.028533333333333303e+03
1.022866666666666674e+03
1.013433333333333280e+03
9.947999999999999545e+02
9.719666666666666970e+02
9.599333333333332803e+02
9.717000000000000455e+02
9.930666666666667197e+02
9.930000000000000000e+02
9.768666666666666742e+02
9.698999999999999773e+02
9.652999999999999545e+02
9.583666666666666742e+02
9.496333333333333258e+02
9.086000000000000227e+02
8.792999999999999545e+02
8.712999999999999545e+02
8.550666666666667197e+02
8.439333333333332803e+02
8.315000000000000000e+02
8.050000000000000000e+02
7.831333333333333258e+02
7.596000000000000227e+02
7.511000000000000227e+02
7.335000000000000000e+02
7.252666666666666515e+02
7.165000000000000000e+02
7.112000000000000455e+02
7.057333333333333485e+02
6.924666666666666970e+02
6.894666666666666970e+02
6.787999999999999545e+02
6.782333333333333485e+02
6.753333333333333712e+02
6.684666666666666970e+02
6.633666666666666742e+02
6.362666666666666515e+02
6.118333333333333712e+02
6.118333333333333712e+02
6.118333333333333712e+02
6.118333333333333712e+02
6.118333333333333712e+02
6.118333333333333712e+02
6.118333333333333712e+02
6.118333333333333712e+02
6.118333333333333712e+02
6.118333333333333712e+02
6.118333333333333712e+02
6.118333333333333712e+02
6.118333333333333712e+02
6.118333333333333712e+02
6.118333333333333712e+02
6.118333333333333712e+02
