-1.483728668212890625e+03
-1.483728668212890625e+03
-1.483728668212890625e+03
-1.483728668212890625e+03
-1.483728668212890625e+03
-1.483728668212890625e+03
-1.483728668212890625e+03
-1.483728668212890625e+03
-1.483728668212890625e+03
-1.483728668212890625e+03
-1.483728668212890625e+03
-1.483728668212890625e+03
-1.483728668212890625e+03
-1.483728668212890625e+03
-1.483728668212890625e+03
-1.483728668212890625e+03
-1.521434002685546830e+03
-1.549917336018880178e+03
-1.566773337809244822e+03
-1.559700669352213481e+03
-1.565529998779296875e+03
-1.610819997151692633e+03
-1.646541996256510402e+03
-1.688169327799479106e+03
-1.725281323242187455e+03
-1.735311324055989644e+03
-1.743641320800781159e+03
-1.766694653320312455e+03
-1.784977990722656159e+03
-1.783164656575520894e+03
-1.795776652018229242e+03
-1.795205985514322947e+03
-1.768181319173177144e+03
-1.733342647298177098e+03
-1.707022652180989553e+03
-1.681211991373697856e+03
-1.680327994791666697e+03
-1.661739990234375000e+03
-1.668307320149739553e+03
-1.664972652180989598e+03
-1.645517317708333394e+03
-1.613313983154296920e+03
-1.599903985595703034e+03
-1.599101320393880314e+03
-1.594593988037109284e+03
-1.610762660725911473e+03
-1.607132659912109375e+03
-1.613197996012369686e+03
-1.625549330647786519e+03
-1.638743328857421830e+03
-1.639612664794921784e+03
-1.632735996500651027e+03
-1.637817331949869867e+03
-1.624612660725911383e+03
-1.614334661865234466e+03
-1.603959995524088527e+03
-1.602927329508463572e+03
-1.607538661702473973e+03
-1.605838661702473928e+03
-1.605795994059244777e+03
-1.599313323974609375e+03
-1.604899993896484375e+03
-1.618991326904296784e+03
-1.638224660237630133e+03
-1.655605991617838527e+03
-1.678855324300130178e+03
-1.679417323811848973e+03
-1.699686663818359420e+03
-1.698257334391276117e+03
-1.704910003662109375e+03
-1.720044337972005223e+03
-1.737175671386718705e+03
-1.750559004720052144e+03
-1.751931005859375091e+03
-1.761372334798177008e+03
-1.767000329589843659e+03
-1.767102327473958439e+03
-1.775536319986979152e+03
-1.775634985351562591e+03
-1.782354984537760402e+03
-1.786081648763020894e+03
-1.791576318359374909e+03
-1.794772981770833439e+03
-1.806202319335937545e+03
-1.820632324218750000e+03
-1.829111657714843659e+03
-1.828763663736979197e+03
-1.829238997395833394e+03
-1.827856994628906250e+03
-1.834298999023437545e+03
-1.831383003743489553e+03
-1.828036336263020758e+03
-1.839415006510416561e+03
-1.855037674967447856e+03
-1.855986340332031205e+03
-1.841162341308593795e+03
-1.840294673665364598e+03
-1.840582002766927189e+03
-1.843043334960937500e+03
-1.844142000325520939e+03
-1.846814335123697902e+03
-1.865442333984374955e+03
-1.868779667154947902e+03
-1.867003670247395803e+03
-1.861967675781249909e+03
-1.857687679036458348e+03
-1.869522347005208303e+03
-1.859126354980468705e+03
-1.858985021972656341e+03
-1.860479024251302008e+03
-1.859530362955729061e+03
-1.859485026041666742e+03
-1.857287027994791742e+03
-1.858818359375000000e+03
-1.856113696289062545e+03
-1.858141699218750091e+03
-1.860073693847656159e+03
-1.859821695963541742e+03
-1.870538362630208439e+03
-1.869574357096354106e+03
-1.875283687337239598e+03
-1.875097017415364689e+03
-1.863060347493489644e+03
-1.847267683919270894e+03
-1.834509016927083394e+03
-1.823907019042968841e+03
-1.812430684407552008e+03
-1.794642016601562545e+03
-1.770426013183593795e+03
-1.750554007975260447e+03
-1.733427339680989689e+03
-1.719335339355468705e+03
-1.696360673014322856e+03
-1.697968668619791742e+03
-1.699440661621093795e+03
-1.699321325683593841e+03
-1.694529329427083439e+03
-1.697501993815104242e+03
-1.692527990722656341e+03
-1.679107324218749909e+03
-1.658681319173177144e+03
-1.633385323079427053e+03
-1.621251326497395894e+03
-1.604916658528645939e+03
-1.578655985514322992e+03
-1.555306648763020803e+03
-1.542175317382812409e+03
-1.519327982584635492e+03
-1.498205318196614598e+03
-1.470033984375000045e+03
-1.441265987141927098e+03
-1.417567321777343750e+03
-1.400805985514322856e+03
-1.397867980957031250e+03
-1.402664648437500091e+03
-1.425659313964843705e+03
-1.410877982584635447e+03
-1.396675317382812409e+03
-1.395288655598958258e+03
-1.394403995768229152e+03
-1.394229329427083258e+03
-1.382933996582031341e+03
-1.377969327799479061e+03
-1.345403326416015716e+03
-1.304945998128255269e+03
-1.292741998291015534e+03
-1.270212660725911519e+03
-1.243577325439453034e+03
-1.219295328776041742e+03
-1.198296661376953125e+03
-1.195743996175130178e+03
-1.204537327067057277e+03
-1.195733990478515580e+03
-1.180261326090494777e+03
-1.192117995198567769e+03
-1.198349993896484420e+03
-1.174360658772786564e+03
-1.162160658772786519e+03
-1.165826658121744686e+03
-1.175225990804036428e+03
-1.191536655680338527e+03
-1.201335992431640534e+03
-1.225794663492838481e+03
-1.229453330485026072e+03
-1.215327329508463436e+03
-1.203026662190755133e+03
-1.222824660237630269e+03
-1.240245994059244822e+03
-1.255057322184244867e+03
-1.244778653971354061e+03
-1.225523319498697902e+03
-1.211026652018229242e+03
-1.218077986653645894e+03
-1.235374985758463481e+03
-1.262356317138671784e+03
-1.267173651123046966e+03
-1.286211651611328080e+03
-1.318530987548828080e+03
-1.322202986653645894e+03
-1.321934320068359284e+03
-1.318000319417317769e+03
-1.306448321533203170e+03
-1.302466990152994867e+03
-1.327168324788411383e+03
-1.322554323323567814e+03
-1.316707655843099019e+03
-1.352915659586588617e+03
-1.367953660074869731e+03
-1.367657659912109466e+03
-1.370210329182942814e+03
-1.361160996500650981e+03
-1.356404994710286473e+03
-1.348676324462890534e+03
-1.345662322998046875e+03
-1.340698988850911519e+03
-1.338564988199869731e+03
-1.334856321207682186e+03
-1.340302317301432367e+03
-1.344917653401692633e+03
-1.371234318033854152e+03
-1.402596984863281250e+03
-1.421280322265625045e+03
-1.417583654785156341e+03
-1.409269991048177189e+03
-1.416951326497395939e+03
-1.421914660644531295e+03
-1.419427994791666606e+03
-1.419484659830729242e+03
-1.444253995768229061e+03
-1.469550663248697902e+03
-1.471973999023437500e+03
-1.469275333658854152e+03
-1.487946000162760356e+03
-1.486850004069010311e+03
-1.504682674153645848e+03
-1.524783341471354106e+03
-1.523106673177083394e+03
-1.543570003255208348e+03
-1.560707336425781250e+03
-1.563060392252604061e+03
-1.575601725260416742e+03
-1.588839058430989553e+03
-1.585266394042968841e+03
-1.598487064615885402e+03
-1.621678401692708348e+03
-1.637445068359375000e+03
-1.648358402506510402e+03
-1.650801074218750045e+03
-1.649753739420572856e+03
-1.656727742513020758e+03
-1.666962410481770803e+03
-1.689994409179687409e+03
-1.705613745117187591e+03
-1.722445747884114553e+03
-1.715776416015625045e+03
-1.701977750651041561e+03
-1.688297745768229106e+03
-1.687599084472656159e+03
-1.683861083984375000e+03
-1.690269750976562591e+03
-1.693174418131510492e+03
-1.715169087727864508e+03
-1.722577750651041697e+03
-1.724865747070312409e+03
-1.713524409993489598e+03
-1.713051741536458394e+03
-1.696672408040364644e+03
-1.646216410319010492e+03
-1.621325744628906250e+03
-1.615372021484374955e+03
-1.623007352701822811e+03
-1.629592683919270939e+03
-1.645734680175781250e+03
-1.649296679687500045e+03
-1.649615344238281295e+03
-1.648094010416666606e+03
-1.633532678222656159e+03
-1.618928674316406159e+03
-1.602980008951822811e+03
-1.591452006022135492e+03
-1.579780004882812591e+03
-1.556334004720052008e+03
-1.556595336914062500e+03
-1.559146667480468750e+03
-1.566300663248697902e+03
-1.580268660481770894e+03
-1.598334663899739553e+03
-1.599067989095052098e+03
-1.579879988606770894e+03
-1.571993986002604061e+03
-1.590017317708333394e+03
-1.586275976562500091e+03
-1.585739314778645848e+03
-1.574000642903645939e+03
-1.576711307779947902e+03
-1.553730643717447947e+03
-1.565492647298177189e+03
-1.611407312011718659e+03
-1.608638643391927189e+03
-1.585808646647135447e+03
-1.541566649373372456e+03
-1.509864651489257767e+03
-1.473408655802408930e+03
-1.468529993693033930e+03
-1.478329330444335938e+03
-1.472588668823242188e+03
-1.473050005086263127e+03
-1.485670008341471430e+03
-1.502780673217773483e+03
-1.474588007609049555e+03
-1.456733340454101608e+03
-1.453592003377278616e+03
-1.439844668579101608e+03
-1.409977334594726472e+03
-1.385347337849935002e+03
-1.350322673543294286e+03
-1.303825340779622366e+03
-1.249603343709309911e+03
-1.255471345011393169e+03
-1.255904011027018214e+03
-1.261032681274414017e+03
-1.265912018839518169e+03
-1.232253347778320403e+03
-1.233504686482747502e+03
-1.235532689412434820e+03
-1.249375357055664153e+03
-1.251552692667643214e+03
-1.237552692667643214e+03
-1.245838695271809911e+03
-1.268578030395507767e+03
-1.269818029785156341e+03
-1.266412695312500091e+03
-1.262051361083984375e+03
-1.235479355875650981e+03
-1.203785353597005269e+03
-1.189001348876953216e+03
-1.200523345947265625e+03
-1.182325343831380223e+03
-1.155740677897135356e+03
-1.168343345133463572e+03
-1.160620013427734420e+03
-1.145214015706380223e+03
-1.139192681884765534e+03
-1.164110015869140625e+03
-1.158689347330729106e+03
-1.180157346598307186e+03
-1.204111348470052008e+03
-1.262479349772135492e+03
-1.265976680501302098e+03
-1.267473347981770758e+03
-1.267473347981770758e+03
-1.267473347981770758e+03
-1.267473347981770758e+03
-1.267473347981770758e+03
-1.267473347981770758e+03
-1.267473347981770758e+03
-1.267473347981770758e+03
-1.267473347981770758e+03
-1.267473347981770758e+03
-1.267473347981770758e+03
-1.267473347981770758e+03
-1.267473347981770758e+03
-1.267473347981770758e+03
-1.267473347981770758e+03
-1.267473347981770758e+03
