-3.065678865559895712e+03
-3.065678865559895712e+03
-3.065678865559895712e+03
-3.065678865559895712e+03
-3.065678865559895712e+03
-3.065678865559895712e+03
-3.065678865559895712e+03
-3.065678865559895712e+03
-3.065678865559895712e+03
-3.065678865559895712e+03
-3.065678865559895712e+03
-3.065678865559895712e+03
-3.065678865559895712e+03
-3.065678865559895712e+03
-3.065678865559895712e+03
-3.065678865559895712e+03
-3.077813867187499909e+03
-3.086105533854166879e+03
-3.075407202148437591e+03
-3.059703873697916606e+03
-3.046052205403645985e+03
-3.039312198893229379e+03
-3.056145532226562409e+03
-3.067798860677083212e+03
-3.047808862304687409e+03
-3.030312190755208121e+03
-3.024599967447916697e+03
-3.032588297526041515e+03
-3.041744962565104288e+03
-3.052931624348958394e+03
-3.062868286132812500e+03
-3.059581624348958485e+03
-3.047743294270833303e+03
-3.046414957682291515e+03
-3.043924959309895712e+03
-3.046233292643229106e+03
-3.024309960937499909e+03
-3.009674959309895712e+03
-2.990628295898437500e+03
-2.973936629231770894e+03
-2.928187207031250182e+03
-2.903643872070312682e+03
-2.872695532226562591e+03
-2.856258870442708485e+03
-2.836638875325520985e+03
-2.820662207031250091e+03
-2.821090535481770985e+03
-2.818273868815104379e+03
-2.819838867187500000e+03
-2.827857202148437409e+03
-2.816855533854166879e+03
-2.807297200520833485e+03
-2.807062198893229379e+03
-2.804417203776041788e+03
-2.821690535481770894e+03
-2.829898868815104379e+03
-2.833185530598958394e+03
-2.835937198893229379e+03
-2.829337198893229015e+03
-2.825570532226562591e+03
-2.819157202148437591e+03
-2.823771370442708303e+03
-2.812793033854166879e+03
-2.806028035481770985e+03
-2.811329703776041697e+03
-2.805346370442708121e+03
-2.803374698893229379e+03
-2.806396370442708303e+03
-2.807214697265625091e+03
-2.811666365559895894e+03
-2.842810807291666606e+03
-2.853487475585937318e+03
-2.885857478841145621e+03
-2.915295808919270712e+03
-2.961905810546874818e+03
-3.006255818684895985e+03
-3.032680818684895712e+03
-3.045749153645833303e+03
-3.049114152018229106e+03
-3.038289152018229288e+03
-3.040564152018229379e+03
-3.043152490234374909e+03
-3.051225830078125000e+03
-3.046919165039062591e+03
-3.049145833333333485e+03
-3.050510831705729288e+03
-3.040312500000000000e+03
-3.029769165039062500e+03
-3.024584171549479379e+03
-3.013710839843749909e+03
-3.011952506510416697e+03
-3.009240006510416606e+03
-3.019426676432291515e+03
-3.018820011393229379e+03
-3.008158341471354106e+03
-3.010331673177083303e+03
-3.013820011393229379e+03
-3.008998339843749818e+03
-3.003851676432291697e+03
-3.023690006510416879e+03
-3.046573339843750091e+03
-3.072211678059895803e+03
-3.087196679687499909e+03
-3.092628344726562318e+03
-3.086065006510416879e+03
-3.076048331705729197e+03
-3.078570003255208121e+03
-3.095946671549479106e+03
-3.126975008138020712e+03
-3.163663338216145803e+03
-3.211724999999999909e+03
-3.246561661783854106e+03
-3.265578328450520985e+03
-3.289804988606770621e+03
-3.302306656901041606e+03
-3.324883325195312409e+03
-3.352969995117187409e+03
-3.384728328450520621e+03
-3.424323323567708485e+03
-3.461891658528645621e+03
-3.505363321940104015e+03
-3.544889982096354288e+03
-3.575476652018229288e+03
-3.606928320312500091e+03
-3.646848323567708121e+03
-3.677346655273437591e+03
-3.708909985351562682e+03
-3.746191658528645803e+03
-3.780906656901041515e+03
-3.780566658528645803e+03
-3.785874991861979197e+03
-3.789204988606770712e+03
-3.794651652018229015e+03
-3.797514990234375091e+03
-3.795666658528645712e+03
-3.789118326822916515e+03
-3.770569995117187318e+03
-3.755296655273437409e+03
-3.765848323567708121e+03
-3.778793880208333121e+03
-3.787948876953124909e+03
-3.809885546874999818e+03
-3.833433870442708212e+03
-3.853293880208333121e+03
-3.863206103515624818e+03
-3.876409440104166606e+03
-3.902229858398437500e+03
-3.921301521809895803e+03
-3.944543196614583394e+03
-3.969004858398437591e+03
-3.971444864908854015e+03
-3.970236531575520985e+03
-3.982721525065104288e+03
-3.994161523437499909e+03
-4.001889851888020985e+03
-4.017091512044270985e+03
-4.036411515299479106e+03
-4.044321508789062591e+03
-4.070093180338541515e+03
-4.096806510416666242e+03
-4.114354850260416242e+03
-4.134248177083333758e+03
-4.151098185221354470e+03
-4.173428190104166788e+03
-4.198011523437499818e+03
-4.232001529947916424e+03
-4.277328190104166424e+03
-4.315034863281250182e+03
-4.331433194986979288e+03
-4.338770971679687136e+03
-4.344594311523437682e+03
-4.342857641601562136e+03
-4.346385978190103742e+03
-4.354394311523437864e+03
-4.369727083333333212e+03
-4.381045418294271258e+03
-4.376138338216145712e+03
-4.375188338216145894e+03
-4.367010001627603742e+03
-4.358430004882812682e+03
-4.367121671549479288e+03
-4.380163338216146258e+03
-4.380531673177083576e+03
-4.393416674804687318e+03
-4.395886678059895530e+03
-4.398268351236979470e+03
-4.398053344726562500e+03
-4.400801684570312318e+03
-4.389931681315104470e+03
-4.386350024414062318e+03
-4.380991691080728742e+03
-4.368491699218750000e+03
-4.352663362630208212e+03
-4.341466682942708758e+03
-4.341411686197916424e+03
-4.334946679687500364e+03
-4.328023356119791970e+03
-4.320581689453125364e+03
-4.305468359374999636e+03
-4.306130029296875364e+03
-4.289781705729166788e+03
-4.270330045572916788e+03
-4.249633382161458030e+03
-4.233918375651041970e+03
-4.223456713867187318e+03
-4.221760050455729470e+03
-4.226575040690104288e+03
-4.226093383789062500e+03
-4.224376717122396258e+03
-4.212983382161458394e+03
-4.200675048828125000e+03
-4.190840055338541788e+03
-4.184361726888020712e+03
-4.159231722005208212e+03
-4.154536718749999636e+03
-4.144450048828124636e+03
-4.137706722005208576e+03
-4.135400048828125364e+03
-4.135488378906249636e+03
-4.122045035807291242e+03
-4.115851692708333758e+03
-4.119666691080728924e+03
-4.120608357747395530e+03
-4.098551700846353924e+03
-4.059630029296874909e+03
-4.034161694335937682e+03
-4.024081689453124909e+03
-4.019041682942708121e+03
-4.021691682942708212e+03
-4.011918343098958303e+03
-4.014702783203124909e+03
-4.014082779947916606e+03
-4.005721110026041515e+03
-4.002786108398437591e+03
-3.990011108398437500e+03
-3.965676098632812682e+03
-3.942612768554687591e+03
-3.916341097005208212e+03
-3.898717757161458394e+03
-3.894659423828125000e+03
-3.886606087239583303e+03
-3.877787752278645712e+03
-3.875792749023437409e+03
-3.884481087239583303e+03
-3.873117757161458485e+03
-3.870146093750000091e+03
-3.862672753906249909e+03
-3.841042757161458212e+03
-3.801459423828125182e+03
-3.761596093749999909e+03
-3.716444433593750091e+03
-3.687446101888020621e+03
-3.658884431966145712e+03
-3.659751928710937591e+03
-3.665498600260416879e+03
-3.669988598632812682e+03
-3.667828597005208394e+03
-3.654713598632812591e+03
-3.621573592122395894e+03
-3.604636930338541788e+03
-3.569654150390625091e+03
-3.540484147135416606e+03
-3.518621370442708212e+03
-3.505221370442708121e+03
-3.504648038736979288e+03
-3.525421378580729197e+03
-3.527819710286458303e+03
-3.541794710286458212e+03
-3.542071378580729288e+03
-3.536511376953124909e+03
-3.536523046875000091e+03
-3.540329711914062500e+03
-3.540301375325520894e+03
-3.529431372070312591e+03
-3.533159708658854015e+03
-3.540624715169270985e+03
-3.536996386718749818e+03
-3.546746386718749818e+03
-3.566664721679687318e+03
-3.615638061523437500e+03
-3.654511393229166515e+03
-3.693721394856770985e+03
-3.694918058268229288e+03
-3.672526114908854197e+03
-3.647516113281250000e+03
-3.630282779947916879e+03
-3.615527783203125182e+03
-3.593552783203124818e+03
-3.598062784830729015e+03
-3.591296118164062591e+03
-3.569954451497395894e+03
-3.553518343098958212e+03
-3.536148901367187591e+03
-3.510444458007812500e+03
-3.480079451497395894e+03
-3.449266113281250000e+03
-3.408717781575520803e+03
-3.370625284830729015e+03
-3.328125838216145894e+03
-3.286437508138020803e+03
-3.251069173177083485e+03
-3.235907503255208212e+03
-3.235215836588541606e+03
-3.233234171549479015e+03
-3.191955834960937409e+03
-3.144829158528645621e+03
-3.108590820312500000e+03
-3.071314152018229379e+03
-3.036024153645833394e+03
-2.983875260416666606e+03
-2.935824153645833121e+03
-2.886247485351562318e+03
-2.898159155273437591e+03
-2.889985262044270712e+03
-2.892381925455729288e+03
-2.881381925455729288e+03
-2.878665258789062591e+03
-2.864968595377604288e+03
-2.852745263671874909e+03
-2.837995263671874909e+03
-2.848150260416666697e+03
-2.856181372070312591e+03
-2.858355257161458212e+03
-2.859394702148437318e+03
-2.860594702148437591e+03
-2.841159700520833212e+03
-2.847023030598958485e+03
-2.846592195638020712e+03
-2.858878312174479106e+03
-2.870099975585937500e+03
-2.874106640625000182e+03
-2.852323307291666879e+03
-2.815893310546875000e+03
-2.786171638997395803e+03
-2.789838305664062318e+03
-2.793571638997395894e+03
-2.793123307291666606e+03
-2.785796638997395803e+03
-2.785084969075520803e+03
-2.799952189127604015e+03
-2.801096630859375182e+03
-2.783969962565104197e+03
-2.754908292643229288e+03
-2.753741625976562318e+03
-2.746029964192708121e+03
-2.726941634114583394e+03
-2.698809960937499909e+03
-2.694589957682291697e+03
-2.683456624348958485e+03
-2.685523291015625091e+03
-2.685523291015625091e+03
-2.685523291015625091e+03
-2.685523291015625091e+03
-2.685523291015625091e+03
-2.685523291015625091e+03
-2.685523291015625091e+03
-2.685523291015625091e+03
-2.685523291015625091e+03
-2.685523291015625091e+03
-2.685523291015625091e+03
-2.685523291015625091e+03
-2.685523291015625091e+03
-2.685523291015625091e+03
-2.685523291015625091e+03
-2.685523291015625091e+03
