1.152133019917957427e+03 1.587388181174559577e+03 1.142018851166012610e+03 1.682898521374268967e+03
1.518123778553659577e+03 2.245554370660101995e+03 9.326548904091177974e+02 1.879699006410179209e+03
1.468759532922640574e+03 2.374835599425499822e+03 1.570872082743680949e+03 2.329947258781221535e+03
1.637576052019603594e+03 2.349694481823458773e+03 2.259437292213773617e+03 2.821039544286120872e+03
1.595261774128137404e+03 2.533452271398678931e+03 1.867773392965289531e+03 2.250509542430027068e+03
1.528665384446572716e+03 2.978576928079050049e+03 1.914356894533520972e+03 2.670258536599221770e+03
1.507073500872400473e+03 2.679347104445470904e+03 1.801726238871260648e+03 1.487050697845432296e+03
1.662667862503540164e+03 1.952389941504901799e+03 1.906711064962239107e+03 1.138661938324305083e+03
1.872119638772404869e+03 1.888880227533738434e+03 1.646449333206908705e+03 1.521945290084500812e+03
2.473313879777386319e+03 2.774301200712179707e+03 1.702819512848605882e+03 2.148509543856298478e+03
2.014679610106280961e+03 2.513192324395729884e+03 1.588689456356169103e+03 1.871622095760780212e+03
1.873780302528823086e+03 2.265319475742597206e+03 2.256092412637859525e+03 2.937878254362191001e+03
1.468043836310593178e+03 2.692320377065479988e+03 2.251513524389974918e+03 2.771958197888505310e+03
8.264317035967642369e+02 2.154069257666260455e+03 1.602137479891365729e+03 2.077758026103119846e+03
1.396321583506127354e+03 3.940879298070658479e+03 1.437321473673297078e+03 1.767299671201930323e+03
1.608878992294417912e+03 3.015985140790869991e+03 1.157977454035919436e+03 1.401701236520484599e+03
1.622118126279145145e+03 3.119493054372178449e+03 1.285571852484852570e+03 1.939217178316510399e+03
1.766006730608211001e+03 1.922330697612353106e+03 1.700144871375759976e+03 2.933066811107028116e+03
1.627290232590788946e+03 2.460284005421490292e+03 1.478228371145187339e+03 2.927465675274692330e+03
1.400133223947548686e+03 2.585813337677151139e+03 2.173336557501554125e+03 1.415957432842840717e+03
1.357218825498590377e+03 9.300376420031516318e+02 2.022898104900570615e+03 2.645943159309637849e+03
1.321717522323851881e+03 1.290090397344067242e+03 1.810603233597690632e+03 1.599380086900069728e+03
1.811796976885820186e+03 1.183115905723070682e+03 1.124981777419079663e+03 8.503005382711799029e+02
2.213067603845234771e+03 2.109535074476283626e+03 1.965405377930897885e+03 1.056004713121288660e+03
1.995254658520179873e+03 2.626888532916014810e+03 2.230427917375031029e+03 1.534076756688660680e+03
1.693478230256298048e+03 2.720805875355865282e+03 1.995153933411564140e+03 9.266927204042403901e+02
1.028272630328097875e+03 2.580573012576844121e+03 1.978906170402764474e+03 1.195686400214217429e+03
1.292612351758550176e+03 2.232272832969119918e+03 1.630386941920362005e+03 7.931771707911175326e+02
2.090451615860303718e+03 1.945040152639368898e+03 1.123649208910119341e+03 9.827168839513797138e+02
2.207514604829703785e+03 1.898609612287191339e+03 1.041197520289857493e+03 1.525933768187398528e+03
2.424218022095263223e+03 2.573351847587497105e+03 1.363374997617061126e+03 1.689900469939209870e+03
1.480711433853377457e+03 1.952779697399666475e+03 1.529249548308314843e+03 8.262889586101591703e+02
1.275620955202361984e+03 2.845072666637441216e+03 1.512577164106980490e+03 1.911680799157018555e+03
1.253886447430089902e+03 3.379173185940529947e+03 1.534792674657941461e+03 1.652725680140809345e+03
1.449665541658046095e+03 2.068885578130910289e+03 1.941380267976604955e+03 1.748744167057710001e+03
1.315708106868863979e+03 1.981040131720661520e+03 1.277041193839744665e+03 1.177492101746740445e+03
1.496471967495919671e+03 2.131828985774094690e+03 1.313965290865267889e+03 1.817814620549359461e+03
2.099337163467411301e+03 2.593183655599450503e+03 1.541466293766765375e+03 2.817694254582200301e+03
2.141216028360671771e+03 2.810766654232049405e+03 1.765700808979700014e+03 1.223648667123470659e+03
1.750504582012594256e+03 3.080131078625938244e+03 1.761399714826589843e+03 1.202137891916099761e+03
1.455747308991307364e+03 2.162671245911165897e+03 2.066396946899580144e+03 7.716052054202409636e+02
1.282974342835638708e+03 1.544666175401509463e+03 2.158528301020080107e+03 8.714986833608309098e+02
1.644333036399340926e+03 1.874263905477608205e+03 1.830311688381645581e+03 1.230531317948680226e+03
1.876638917598074840e+03 1.875374013924541941e+03 1.059150713925757373e+03 1.007347275835119945e+03
2.178962624480176601e+03 2.829469624164390552e+03 1.231592238323068159e+03 1.116912200795750323e+03
1.962048749632169347e+03 2.742358605090859783e+03 1.485497727749785554e+03 1.805863975336460499e+03
1.722594712214498941e+03 3.117544270712898651e+03 1.743527198739344385e+03 1.160659996482379938e+03
1.236064337174439061e+03 2.889434293102700394e+03 2.570560169669060997e+03 1.212126274248119444e+03
9.800639466857846855e+02 2.532836559672323347e+03 1.946803129303818423e+03 9.121268461094514350e+02
2.263494208551678639e+03 1.767515361774751000e+03 1.422985734688509183e+03 1.239263590284939710e+03
2.045818794590180914e+03 1.356783191010459632e+03 1.251830249933203959e+03 1.025669617836600082e+03
2.091251908371939862e+03 2.988901110387733752e+03 1.403408732058718670e+03 6.970931925478216726e+02
1.948437335671467736e+03 3.474056290912736586e+03 2.453401951143869155e+03 1.567567392614450000e+03
1.800791766416059545e+03 2.154651078837850946e+03 2.040969031909105979e+03 1.241493809668969334e+03
1.908389700270986395e+03 2.666970266028455626e+03 1.365113537128388998e+03 1.214882559432557173e+03
1.421072602451478815e+03 1.567473048603997995e+03 1.280532069574224806e+03 7.523817431061106618e+02
3.047746883547562902e+03 1.245527819321771858e+03 1.002052017071328919e+03 1.033941243428200323e+03
2.901433278475867155e+03 1.957746559652592623e+03 1.202905374477380974e+03 1.033264119977680821e+03
2.321277170362438483e+03 2.531998331234584839e+03 8.925828899929201725e+02 1.171181521216278270e+03
2.615619185995795306e+03 2.638284333622061240e+03 1.560975477342042723e+03 2.411180022418329827e+03
2.053448142803721566e+03 3.268265188902636510e+03 1.210207169730168971e+03 1.800057542065971575e+03
1.847784053020144711e+03 2.706540337390559216e+03 2.109225494464732037e+03 1.751742332338919368e+03
1.638917672136840338e+03 1.586422860524526186e+03 1.588589240488849100e+03 1.530763463891169522e+03
1.910879744466379634e+03 1.871980791446036164e+03 1.498560014972366844e+03 6.162439239035193168e+02
2.275106316246455208e+03 2.434695273724562867e+03 1.273906028359446282e+03 1.929745336089139528e+03
2.598591463899078917e+03 2.901860177194703283e+03 1.029634661264291935e+03 2.019348495579000883e+03
2.164955996744220101e+03 2.798871442821783603e+03 1.962087751665092583e+03 1.659781879648549875e+03
1.698431006728545071e+03 2.205507063029522214e+03 3.035687828711614202e+03 2.924422072119928998e+03
1.837218936087928341e+03 2.837432702448826603e+03 2.645648386077569739e+03 1.878752176167599828e+03
1.466692876529221394e+03 2.564828817158632773e+03 2.358218317029733953e+03 1.040457365738498993e+03
1.837607648688560403e+03 1.975629917722928440e+03 2.206563024842724190e+03 1.220133302139740408e+03
1.933808224819719726e+03 1.872387225032474817e+03 1.510820526328043343e+03 2.330842627161009659e+03
2.077613897152512436e+03 2.358727946556180541e+03 9.423649751529601417e+02 2.563227696848791311e+03
1.940948919973894590e+03 2.088996311274911932e+03 1.741711304989435121e+03 2.292488048873139633e+03
1.779339559514477514e+03 2.289044777070732380e+03 1.477669760659334315e+03 2.961547478771919486e+03
1.457549575954380998e+03 2.626830549967931802e+03 1.133427333620081299e+03 1.787648239690908667e+03
1.781591646335117730e+03 1.736860494258005929e+03 2.125795875113564762e+03 3.317682850040100675e+03
2.251333688001077462e+03 2.209251214563824760e+03 1.336553063651750563e+03 2.239216821842850550e+03
2.065551928517608758e+03 2.455297743426241141e+03 1.198659030204380542e+03 1.884459688076789462e+03
1.919111329586827196e+03 2.605582653344104983e+03 6.824928429355422850e+02 2.579066380190150085e+03
1.871367011028431079e+03 2.599509667546921264e+03 1.999207169300679197e+03 8.017033638774591964e+02
1.878167337027643953e+03 2.516331217130289588e+03 2.048999396682613224e+03 8.149260656967999239e+02
1.004725098363686811e+03 2.214717229037898505e+03 2.378890910615891698e+03 1.523191672395350906e+03
1.269548653670134627e+03 1.855204803477826317e+03 2.675508045446684264e+03 1.061073443381577817e+03
2.412934530810257456e+03 1.915077719414023704e+03 1.003882946235580675e+03 1.138152291623830024e+03
1.789108773391782051e+03 1.741480958036280754e+03 9.611102617931028362e+02 2.113592232702501860e+03
1.703644924805549635e+03 2.573957493762700324e+03 1.881089281122937791e+03 2.135319377986999825e+03
2.848713898544198855e+03 2.013710112531500272e+03 2.112727055565064802e+03 2.096945964643280604e+03
2.180494337368617380e+03 2.535803621708229912e+03 1.628076415183397330e+03 1.033192830937310646e+03
1.937280208131986910e+03 2.608440291428029013e+03 1.729043731358897276e+03 1.517474590031561092e+03
8.239187000093943425e+02 1.955924912069574930e+03 1.137619118333510414e+03 4.482703809206104779e+02
1.865521209227468717e+03 1.612682217105983000e+03 1.833984605308820392e+03 9.071447623067797394e+02
1.921411850099511867e+03 1.811116060861035294e+03 1.399065069476854660e+03 1.739361810695849272e+03
1.607394236316577008e+03 2.352718864741291327e+03 1.595765966431076777e+03 8.632961816588904185e+02
1.741726084199371144e+03 2.088699430904980545e+03 1.701875320655793985e+03 5.237565243983590335e+02
1.755620830372684395e+03 2.010867371606289453e+03 1.503890234500069710e+03 7.008500237159205426e+02
1.013231911194769964e+03 1.687642359269451845e+03 1.930612740948924511e+03 8.750491340730095544e+02
1.385411211943685885e+03 1.003046912377700210e+03 1.453940478019980219e+03 4.680722780287287605e+02
2.554806629012586200e+03 9.482048421603740280e+02 1.233300597301773450e+03 1.162604159084550702e+03
2.324180867142054922e+03 1.362642664572895228e+03 8.731523981508917132e+02 6.212699420026474399e+02
1.853042608028076756e+03 2.033437980835115923e+03 5.947893873676712246e+02 9.359097483246423508e+02
2.390146837699461685e+03 2.219973422805949667e+03 9.912783676293620374e+02 7.002847095621309563e+02
1.162508478619217385e+03 2.212588667592081038e+03 8.247920930861164379e+02 9.341005584185695625e+02
8.787039816644391976e+02 1.757284276715155102e+03 1.192854472338149208e+03 1.422752723071720538e+03
1.210818685678622387e+03 1.366331412374212960e+03 7.792759535469085677e+02 4.878147181137992447e+02
1.971091666555882512e+03 1.454936850162217524e+03 8.912648626020964002e+02 2.233724103073280276e+03
1.869211856705300306e+03 1.513197547815023427e+03 8.978979638206101299e+02 9.039726211421802873e+02
2.546295742257855636e+03 1.746046024381582356e+03 1.291742435537133133e+03 5.950947483893996832e+02
1.727635966480060233e+03 1.744606836782802930e+03 1.815032988069533531e+03 1.065405251957259679e+03
2.405442494079883545e+03 2.211144410822716054e+03 2.474388298231402587e+03 1.008551053270890407e+03
1.767475871769617697e+03 2.476153807051357944e+03 1.831061495483286308e+03 1.174554432534530861e+03
1.490765948401722198e+03 1.962210387008760335e+03 2.745061804640956325e+03 7.202574697621093947e+02
2.551620120264994512e+03 1.946932006615577848e+03 1.909549466608636067e+03 4.566673113832603121e+02
2.655948630120316921e+03 1.657991754820934148e+03 1.462918038957382123e+03 6.190313118868907623e+02
2.833441237505551726e+03 2.074671305017800478e+03 1.284155457208127700e+03 6.738492318331900606e+02
2.565797340599152449e+03 2.652355787818522003e+03 2.194959590555299656e+03 9.866223688011796185e+02
1.809985529711500931e+03 2.107186103130819902e+03 1.730975565731794632e+03 7.794579039900199859e+02
1.496978451446746476e+03 1.430195047637755124e+04 1.449316200379502334e+03 9.992988299134103727e+02
1.985859858470707877e+03 1.815610994599379410e+03 1.566121046972693875e+03 7.313325289458807674e+02
1.546406096078994779e+03 1.266007216771677122e+03 1.323494079826699817e+03 7.388138953829602542e+02
2.206703877817581088e+03 2.790334657481869726e+03 1.499156655920402045e+03 1.106686880248818852e+03
2.306795557623165223e+03 2.100034536636430857e+03 2.192675977210656129e+03 1.025066550223378727e+03
2.285530192598443136e+03 2.499010026938933152e+03 2.136516026659390263e+03 6.622261269101509242e+02
1.238091951355578203e+03 2.503973975441076618e+03 1.939863727330019174e+03 5.598490285664993280e+02
1.589414993097776460e+03 2.148691952772991499e+03 1.892774484725170623e+03 1.239485726218288619e+03
1.457661720012952173e+03 2.134427272843289757e+03 1.549021587315890429e+03 1.103898744196221742e+03
2.447248232539676792e+03 2.378732614594850020e+03 1.356819484732810452e+03 1.125685818755440778e+03
1.956190712363490093e+03 2.114955755826111272e+03 1.485763017534936807e+03 1.370885415344679132e+03
2.466188965887883569e+03 1.997803920454989566e+03 2.379690285076474538e+03 7.313835524498481391e+02
2.585452467503906519e+03 2.602504114733739698e+03 2.197169542075020217e+03 5.899441326862397545e+02
2.026705423116384736e+03 2.016625955503141086e+03 2.116379865459401117e+03 1.129181398329208605e+03
1.626093534234999424e+03 2.012229582483310878e+03 1.741324547345850078e+03 8.737802317429086543e+02
1.606477922537722407e+03 1.531802870055458698e+03 1.915799496246059789e+03 5.883379289354597859e+02
2.211480694843640777e+03 2.143685102760389782e+03 1.498280158034229316e+03 6.976302036277811567e+02
1.349375851849696119e+03 1.719822727945369479e+03 1.808848458623320766e+03 1.359497234149419455e+03
1.477911210862694134e+03 3.176529726718819802e+03 1.631418706895639843e+03 1.615806333397340495e+03
1.398485597261389557e+03 2.233155654374279038e+03 1.720280409197599511e+03 3.393356232488313253e+02
6.142563564819156454e+02 2.010764844001530946e+03 1.886378146279850625e+03 6.212121794659287843e+02
8.233837551195865672e+02 2.380768270718630447e+03 1.860089888129390602e+03 6.628413885282097908e+02
1.119566918094340508e+03 2.067364349315950676e+03 6.236411859407598968e+02 1.082246975010790266e+03
1.880162341031184042e+03 2.201565976661318928e+03 8.692235220265301905e+02 7.837649190970405471e+02
2.839034159923390689e+03 1.292134459020078793e+03 7.573212618782290519e+02 4.161053756412111397e+02
2.185218257535711018e+03 2.642266469074849738e+03 1.270167560465080896e+03 4.316276331768312957e+02
2.630192503883630707e+03 2.010112381314560480e+03 2.016346681631161118e+03 7.667655057656993449e+02
1.586689787383535077e+03 1.505572284755258806e+03 1.762892726948019117e+03 6.134826448741114291e+02
1.557481014730120478e+03 2.382561196365510114e+03 2.006168837491539307e+03 3.902412020378396846e+02
7.939081908822081459e+02 1.884104850447280114e+03 2.460251855718481238e+03 4.892575630662813637e+02
1.523989494656135321e+03 1.827421714986190636e+03 1.688218501634510176e+03 3.905038054298711359e+02
1.956875824219587230e+03 1.288574293745350587e+03 1.254027963696629740e+03 3.277198465322089760e+02
1.880057870347291100e+03 1.869493977870959498e+03 9.414246621470501850e+02 4.366831677433619916e+02
2.866799680488171362e+03 2.034849386053840135e+03 1.024375641861039185e+03 4.083615660714312980e+02
1.210487163857264022e+03 1.524657574937600657e+03 1.091226199343120243e+03 1.232515281816820789e+03
9.151270564907072185e+02 1.553910054616191701e+03 1.960346840559570410e+03 4.946973342219207552e+02
1.607558805962435144e+03 1.840100670682850250e+03 1.302260014884799602e+03 7.083782779571192805e+02
1.026805810848196415e+03 2.579941899523590109e+03 1.615995880666441735e+03 4.319155070779197558e+02
2.170379632755408238e+03 8.081748591855302948e+02 1.144736738892170251e+03 9.315203117938799551e+02
2.368831323346112185e+03 1.699596775321329915e+03 1.084671168856779332e+03 3.404982171004303382e+02
1.444788881606435098e+03 2.558494814650788612e+03 1.383745218027819647e+03 1.165614650883380818e+03
1.036793054156159997e+03 2.852258696514880285e+03 9.450861860877594154e+02 5.590258449827997538e+02
1.527153880708806355e+03 2.249413530236501174e+03 2.017530027388151211e+03 5.226334017284298170e+02
7.004690983449781925e+02 1.886661025229939696e+03 1.836465149847350403e+03 5.774875564709182072e+02
2.207211914818204605e+03 1.999301134278888640e+03 1.426678231484929711e+03 5.572862697927994304e+02
2.101269950125995820e+03 2.085716754400629725e+03 1.699533307847119431e+03 1.016581033839520387e+03
1.976090830820240626e+03 1.591429049054710049e+03 1.845729178241766931e+03 1.049402009718260160e+03
2.538049766981900575e+03 2.047969063729111440e+03 2.175766486982109200e+03 4.843763383019177127e+02
2.819282816236315739e+03 2.691096977571531170e+03 1.274536068758578040e+03 6.162308964045005268e+02
2.151156246684885446e+03 2.797187231002619228e+03 1.536847910613567365e+03 4.501880960906128166e+02
1.081260349810410844e+03 1.653213889749698865e+03 1.426095496002319123e+03 3.986223651195505226e+02
2.754841822351336305e+03 1.392454662595930131e+03 1.130549868035108375e+03 7.601566918123899086e+02
2.537439544172626483e+03 1.545379296283988879e+03 8.751939638684707461e+02 5.555290946661916678e+02
2.762263278745700518e+03 2.563379672578090322e+03 1.238167334713591117e+03 4.219289728907097015e+02
2.715426036571219811e+03 1.349779189985489211e+03 7.353841824752780667e+02 5.430231676420808071e+02
1.986945987703047649e+03 1.924363491837719266e+03 1.163929599966380920e+03 6.265651194947386102e+02
1.191136720718188371e+03 2.115885880459309192e+03 7.201804408022508142e+02 4.394093231960086996e+02
1.415514576626558664e+03 2.555387119555291065e+03 1.116411174567041598e+03 4.903345348859584192e+02
1.984440294083795379e+03 2.159479956300980120e+03 8.189430681903504592e+02 9.340196043428895791e+02
2.181413075295374256e+03 1.802147594191350436e+03 7.770089305523615621e+02 6.632224989294791158e+02
1.939754888031157861e+03 1.766464542099560276e+03 5.445381978149998758e+02 8.918013833095901646e+02
2.065991473152344042e+03 2.099584240020079960e+03 6.624356406792685448e+02 5.603410329430807906e+02
1.474040758754217677e+03 1.953484356864430083e+03 6.694655350798802829e+02 3.536467564398117247e+02
8.794720208567996451e+02 3.280548297404355253e+03 1.262556920820848973e+03 8.973487494741311821e+02
1.083900103723728535e+03 2.188926310815741090e+03 7.465766183921477932e+02 4.753193230579818191e+02
1.455084887367900592e+03 1.664567032826245850e+03 5.019307666534987220e+02 2.431749919215508271e+02
1.173148607627092133e+03 1.248791931123115319e+03 6.319079590091714635e+02 5.271200801891300216e+02
1.517022556629981409e+03 1.127260264301599818e+03 2.046328659803519258e+03 6.111393170018491219e+02
9.675206061004946605e+02 2.264810507212287121e+03 1.034462167103529282e+03 3.809260438905694173e+02
1.341354253914759283e+03 2.445165126649482772e+03 6.481538383405113564e+02 3.935490622202414670e+02
7.029462002310110620e+02 2.444127390383677266e+03 1.677378802948100201e+03 1.223830711208287539e+03
8.457736166587937987e+02 2.219379551478052235e+03 1.251427131447679130e+03 3.153284400224401907e+02
1.245710414948378457e+03 2.057776366103005785e+03 1.169959983657161501e+03 6.146028060132703104e+02
1.279775818488101322e+03 2.202376377379272526e+03 1.154578890871540352e+03 5.958754180022515357e+02
1.160469735315075013e+03 2.085179014803761675e+03 1.285556178474849730e+03 4.876143791096183122e+02
6.199561155649425928e+02 2.142581819605806231e+03 1.502871475084910344e+03 4.387907113330911670e+02
6.565381899501608132e+02 2.929774737148041822e+03 2.312507037344461423e+03 8.903942949520696857e+02
5.424552515005025271e+02 6.006927988815350545e+03 1.546540735990469329e+03 6.820525314059686934e+02
7.193319109318949813e+02 2.824897013326874003e+03 1.635275185570690155e+03 7.596940112965312437e+02
1.679531019847639072e+03 1.886760188863318035e+03 1.649606324079968545e+03 9.616723577720895264e+02
1.223729154316039967e+03 1.961813083112385357e+03 1.303286349740799778e+03 8.330477040076493722e+02
1.017616478641751200e+03 2.946652984163027213e+03 1.167865981625900531e+03 6.398385083669691085e+02
1.557863742264886241e+03 2.594327531024023301e+03 1.446300384033780574e+03 8.294388840726096532e+02
9.181995577801799300e+02 2.476839609663280498e+03 1.794856180991420842e+03 5.954761975256005826e+02
7.582237478215392912e+02 3.036391006525387638e+03 2.179802854343817671e+03 5.233841837950403715e+02
7.378524273758739582e+02 2.301953310534088814e+03 1.987743844974216699e+03 4.251755200182997214e+02
1.444550131523857999e+03 2.902251479872982600e+03 1.430672104194611165e+03 5.106926768454904959e+02
9.590524415954105280e+02 2.129927521722452184e+03 1.767694494949852015e+03 5.777438351183391205e+02
1.099434513789350603e+03 2.620879572588461997e+03 1.109694299245569709e+03 8.737094713457499893e+02
7.210389478176257398e+02 2.187819864729861365e+03 2.368136065798689742e+03 5.388046341015306098e+02
5.620421232006783612e+02 2.577820812325777297e+03 1.750868491122391788e+03 2.734315998741603835e+02
1.127915451106958244e+03 2.931771632556925397e+03 2.865577480294954512e+03 6.826222610318200168e+02
8.694976386868102054e+02 2.814228060063876910e+03 1.361274337085502339e+03 5.949660044922293309e+02
1.130874620336737280e+03 2.046760942311177132e+03 1.495230640205923919e+03 5.160780438753808994e+02
1.348665023234083492e+03 2.287189869685769736e+03 1.070340304298510091e+03 7.305114493478886288e+02
1.122135036093799499e+03 1.720348084294219916e+03 5.399938143141607725e+02 8.618391054327203165e+02
9.069300672038825724e+02 1.875471700017260446e+03 1.229502134219334039e+03 8.994528009494497383e+02
1.229719146912945689e+03 2.565195253205327390e+03 1.406069323605914178e+03 5.642864491819000250e+02
5.651000658928014673e+02 2.362137707757146927e+03 1.944267655848232607e+03 7.546902034405102313e+02
1.252089697981255085e+03 2.700899262056949738e+03 1.645375127810795675e+03 5.227067975772097270e+02
2.021720127429243803e+03 1.536580732446110233e+03 2.016677824739639618e+03 1.071975863299439879e+03
1.563087139029850732e+03 2.010079058102077397e+03 1.384431116043712791e+03 3.999500548591095139e+02
1.202215164390809150e+03 2.040024466102373481e+03 1.188444942565029123e+03 8.505561246420093084e+02
9.808198755130997597e+02 1.985542443818306310e+03 1.536602919572120300e+03 5.102590627027093433e+02
1.370092010157377445e+03 2.299031590146660164e+03 1.585340945717192881e+03 7.797432029304000025e+02
8.961142776116021196e+02 2.355128764186156332e+03 1.840252517804684430e+03 7.151545940381311084e+02
8.360503346026771396e+02 1.767213731829700919e+03 1.604630215518839577e+03 8.122610829356908653e+02
1.482405291022840174e+03 1.786714104557724568e+03 2.038348642202545307e+03 1.038549158157680722e+03
1.198671142885334120e+03 2.292136065472804148e+03 1.895986613196240796e+03 1.065194909820451358e+03
1.494313788859961278e+03 2.624859324612059936e+03 9.404313259441169066e+02 7.652113881793102337e+02
1.113750181476400030e+03 2.855961620818872689e+03 2.152692863094325730e+03 8.612339990908294567e+02
1.203534237438898344e+03 2.881691940642018380e+03 2.113255954818348073e+03 6.477659763788396958e+02
1.126950082874213876e+03 2.988082149521031170e+03 2.484817718879750828e+03 7.796181950560712721e+02
1.352506412108315089e+03 2.321503095332264820e+03 1.349559540447809013e+03 8.524772487701393402e+02
1.209672541311849272e+03 2.322004359661063063e+03 1.550973005289698449e+03 9.707307354292097443e+02
1.107830863458462773e+03 2.314609504687866320e+03 8.849505579657352428e+02 1.431385113121579707e+03
1.487261429861000579e+03 2.751974518281982455e+03 2.929053239179675074e+02 1.509558583283509506e+03
1.595280272345867161e+03 2.075567572049248156e+03 1.094134703476887807e+03 2.141395283199688492e+03
1.313912468615824764e+03 2.578189845493236135e+03 1.172034659483097130e+03 1.059028052433659468e+03
1.750051859411219084e+03 2.182538834265995320e+03 1.172355564427240097e+03 9.224839427132810670e+02
1.222729224737455297e+03 2.194066077444896109e+03 1.809735664723260925e+03 1.089556137657109502e+03
1.656047996072324167e+03 2.139211329007818676e+03 1.318745963928692618e+03 1.489376233268440046e+03
1.485180959001504561e+03 2.311580876051697487e+03 8.236401280169102392e+02 1.944642836160683146e+03
1.213520034172635860e+03 2.099575507526813453e+03 7.894937661016483617e+02 1.178909094984957846e+03
1.437079671897986373e+03 2.141538189431298633e+03 1.360713552152967168e+03 1.746831272181905661e+03
1.194318654255077490e+03 2.068209845648895680e+03 2.984595096460880086e+03 1.400373480350641330e+03
1.109872973912819361e+03 2.217408608762236327e+03 1.311936406790242472e+03 2.010207964080154852e+03
1.004549099491322522e+03 1.232358507626284336e+03 1.770723848920080854e+03 2.053757877255337007e+03
1.403902403678614974e+03 1.187425165584901151e+03 1.245468943725689314e+03 1.284357790153286260e+03
1.482922314923059275e+03 1.036389124190361144e+03 8.098312690598440895e+02 1.328377987383066284e+03
2.217478076988466455e+03 1.526792464869025025e+03 3.349213675649962170e+02 1.174513137585996446e+03
1.040025936484674276e+03 2.268953761746168311e+03 1.157140717530638540e+03 1.455153929335790963e+03
1.139031082687490198e+03 2.252607056341023053e+03 1.581735205402968859e+03 1.569568493948365358e+03
9.745872294533592139e+02 2.178582317626145596e+03 1.745052493514137495e+03 2.122155381260214199e+03
1.587110457219175260e+03 1.413387605175249519e+03 1.052280604266831688e+03 2.005733537683008763e+03
1.321511062583518651e+03 8.335095911535572668e+02 1.281319755326539962e+03 1.886625039569655200e+03
1.536946482448735878e+03 1.403806470530650586e+03 7.408512577652018081e+02 1.379576277057954940e+03
1.406091052372029480e+03 1.823177383722526429e+03 1.460064777581278577e+03 2.371396688933074984e+03
1.315624164521984312e+03 1.682308545355312162e+03 1.397781445580074433e+03 2.330177025018178028e+03
1.118909382388483209e+03 1.491460224717593519e+03 1.308239869405887475e+03 1.753741124293363100e+03
3.832036707629949888e+02 1.885701256046823801e+03 9.346570025140954385e+02 1.952555333227095616e+03
1.238546669955827383e+03 1.687490630812991185e+03 8.365398674264597503e+02 1.538288372431701646e+03
1.162879642398845135e+03 1.359661094340480304e+03 1.454965618068519689e+03 1.852387872446575784e+03
1.544555465568370892e+03 1.732280170108057973e+03 7.535803320722898206e+02 1.495037592990284793e+03
1.639009509877157143e+03 1.991041644965640444e+03 8.506377894791776271e+02 2.564378261991701947e+03
1.317217917673805459e+03 1.990865558471985423e+03 1.378545009033791757e+03 2.435907958556242193e+03
1.716290062276374556e+03 1.617705378733819089e+03 1.199444399861746206e+03 2.268364546012988285e+03
1.069343899326841893e+03 1.828684119366642335e+03 9.538229378798178004e+02 2.375544782907141780e+03
1.569727355983481175e+03 1.189823232538829870e+03 1.222043524774695470e+03 2.195605426934827847e+03
1.961303175151745563e+03 1.110238726836143542e+03 1.233918213917212597e+03 1.102652697313871613e+03
2.158234592216641431e+03 1.722346874977930383e+03 1.214992652301842099e+03 1.159011714918141479e+03
2.215932311740911246e+03 2.346889109188629845e+03 1.817214289911729793e+03 1.805665026222170127e+03
1.411480617707164129e+03 1.757748914044518642e+03 2.445423309086976587e+03 2.015590104523590526e+03
1.295115882740412417e+03 1.813595005302700883e+03 1.703225260702553896e+03 1.692846550866654979e+03
8.383805571626771780e+02 1.754591629721101526e+03 1.446097881727950153e+03 2.192152971747157608e+03
1.191442752298569758e+03 1.495314606678657583e+03 1.775357399540120241e+03 1.922884294507940467e+03
1.903090752323317247e+03 1.118431633367365976e+03 1.760460837259544860e+03 1.212146724387614995e+03
1.332218747954481842e+03 2.145924798848056525e+03 1.761183062979274837e+03 1.441522698082049828e+03
1.345089216276306615e+03 2.345360635711447685e+03 1.847176180321254833e+03 2.168676226280700575e+03
8.758643300417770661e+02 2.279131467336662354e+03 1.670328374712670666e+03 1.817679533726964110e+03
8.087204730338262380e+02 2.349793133817832313e+03 2.057532126525633430e+03 2.289937202688421166e+03
6.945170060509544783e+02 2.357658429552055168e+03 2.185876080216408809e+03 2.477457827206589172e+03
1.143599478955715313e+03 1.679102469063008357e+03 2.061882269916109180e+03 7.515922494590504357e+02
1.403755524766351300e+03 1.923442581724647425e+03 1.641501383737462675e+03 1.331196139040202979e+03
1.542887254551775186e+03 1.296607229470971106e+03 1.593590209493936527e+03 1.276454444246697676e+03
1.664083415193826113e+03 3.152980784883346132e+03 2.284689354791592450e+03 1.490464661815507498e+03
1.335441600260281120e+03 2.162437898833063628e+03 2.503672295817874328e+03 2.505046052731694544e+03
1.898603055665354077e+03 2.514781121398108553e+03 2.855183623054569580e+03 1.908499387327696240e+03
8.882828331472392165e+02 2.914487870175958960e+03 2.299459017056777157e+03 2.438852833381843084e+03
1.156308346687415906e+03 2.137732935565703883e+03 2.119768529049278186e+03 2.972491591082525701e+03
1.780062160186387700e+03 1.678679682370662704e+03 2.131942577766516479e+03 1.710524337657406249e+03
2.145176489047104042e+03 2.432900653763001174e+03 1.339892515331279355e+03 1.717618052189007358e+03
1.998215942653167076e+03 2.248907910593954512e+03 1.675653891300999021e+03 2.826081098184529765e+03
2.121941466408915403e+03 2.047811732134443446e+03 1.602751462898784666e+03 2.951280691971071974e+03
2.091656376315502712e+03 2.226424303611403047e+03 1.476524149769963515e+03 2.165609422441406423e+03
1.322198636107968923e+03 1.733737234290756533e+03 1.531653006054008074e+03 2.210174000153953784e+03
1.062228825493733893e+03 1.682502928198249720e+03 1.120782837702387951e+03 8.078435154016897286e+02
1.829317304003012396e+03 1.569094341068613176e+03 1.481876488452906415e+03 1.824115738859505655e+03
1.554163472686178466e+03 1.545283742911348781e+03 1.373008484445563226e+03 1.842749712034258664e+03
1.514994417023249298e+03 2.661699726758354700e+03 1.677529918712605649e+03 1.806374993731782524e+03
1.685762976874396372e+03 2.329686964030326635e+03 1.448944807316984225e+03 1.472062724495133807e+03
1.214608802410992212e+03 2.141144017715023438e+03 1.959648471483083995e+03 2.384709734689608922e+03
9.976955447388145330e+02 2.321987470188418229e+03 2.245661497511451671e+03 3.062864388529425923e+03
1.536948431734337646e+03 1.693863541382328549e+03 2.382584050724641202e+03 1.724672483781800111e+03
2.012213444828447791e+03 1.615301993989509356e+03 1.034521388810582721e+03 1.669393293687928235e+03
1.569563659453011496e+03 1.772448961293503089e+03 8.860583113433785911e+02 1.016813029916934283e+03
1.320895845238518632e+03 1.909804159391925168e+03 1.561198933296770520e+03 7.890393533651476901e+02
1.664590425733327720e+03 2.375892553426447193e+03 1.769355896799528637e+03 2.029914451498952985e+03
1.471754497537738644e+03 1.762550384848933390e+03 1.665886958973100263e+03 2.172657867787249415e+03
1.036663558491777621e+03 3.458015402400064886e+03 1.944491709931458900e+03 2.193393430164662277e+03
1.177384608288581148e+03 2.234336198839269855e+03 2.644929038802589275e+03 1.029619970849513265e+03
1.972499757615762974e+03 2.726741490238925508e+03 1.352184553708646490e+03 1.307225658242081408e+03
1.686454243862685871e+03 1.803727974357673702e+03 1.258687312478321473e+03 1.796523334848558079e+03
1.926012135817447415e+03 2.058269639468411697e+03 1.233298874772465751e+03 2.238027051752589614e+03
2.179030620241332144e+03 2.063037441311731527e+03 2.351939018861539807e+03 1.671511751779675251e+03
1.770923316547632567e+03 1.948242894225200871e+03 1.615184638135120622e+03 2.546466441795137143e+03
1.095064914527600195e+03 1.491665301116092451e+03 1.894161424001194973e+03 1.960918832786652274e+03
1.496708758861052047e+03 1.167069385957896884e+03 2.455036117338004260e+03 1.778941910342946358e+03
1.582822076410115187e+03 1.150816194510614878e+03 1.353852607111639372e+03 1.419864409170128056e+03
1.299685164827495100e+03 1.911565384373329834e+03 1.593898839768749895e+03 1.382217451656557387e+03
1.900869890909949390e+03 2.546249797972248416e+03 1.605504694148010458e+03 2.110979133043108959e+03
1.146510145341734642e+03 2.733048185632149398e+03 2.522681627743550052e+03 1.372023736371829727e+03
1.104757265833364727e+03 3.061951462019571409e+03 2.107286395470264324e+03 2.384292424227045558e+03
1.553432291947652629e+03 3.267490541866603962e+03 1.558491737098331214e+03 2.386612049032286450e+03
1.370487372070909259e+03 2.483406457886569115e+03 2.242672966720880140e+03 2.201167318852309108e+03
2.192432674325464177e+03 2.146038641323119009e+03 1.486540892428640291e+03 1.619194423216120413e+03
2.383310398170096050e+03 1.716374793062095705e+03 9.939115328459593002e+02 2.026318176667829903e+03
1.998721239981043254e+03 3.571757152733731346e+03 1.385039277944450077e+03 2.132415215948582045e+03
1.118849337482000919e+03 3.273842249620103757e+03 1.381358076192264889e+03 2.613817673425999601e+03
2.159480559698806246e+03 2.912207298626850388e+03 1.011333112628170056e+03 1.505817257157548738e+03
2.004422915824549818e+03 1.574796032658339755e+03 1.240998323599751529e+03 1.232431178109260145e+03
1.618626914108510391e+03 2.010510586627545308e+03 1.272417705180689154e+03 1.065745996362273218e+03
2.391453714313440287e+03 1.710331379212449974e+03 1.637632935331501358e+03 1.381013162972156351e+03
2.367119097905941089e+03 2.018724266668959899e+03 1.461221666749501310e+03 1.893733870447023946e+03
2.015603657106070386e+03 2.759761961574680754e+03 1.583929214632198637e+03 2.524430738450399076e+03
2.226367538401789716e+03 2.475454865472047459e+03 1.767579912914379747e+03 1.813793280100939228e+03
1.716443497976655635e+03 2.793510983098231009e+03 2.134636874162661115e+03 2.492836705494206399e+03
1.191120201651448951e+03 2.201285795798035906e+03 1.692013270351990286e+03 2.872551260096367514e+03
1.681601439717093854e+03 2.145160284290739583e+03 1.754260438384098961e+03 2.173259165505798592e+03
2.120501743174883813e+03 1.631157529706584683e+03 1.153357188434600175e+03 1.792080444799121324e+03
2.516280347531004736e+03 2.394905394080280530e+03 1.431053538959789876e+03 2.046028011739530484e+03
2.916121666867585191e+03 2.560905605965061113e+03 1.622538195593580895e+03 1.413190515665868588e+03
2.197988964617343299e+03 2.305028252779829927e+03 1.551192564717339337e+03 2.755293001578078474e+03
1.255511833395803478e+03 2.773523267511949598e+03 1.611830567178789352e+03 2.026300944358670677e+03
9.536818245678605308e+02 2.516374437198024680e+03 2.675543855843550773e+03 2.204809305836888598e+03
1.581564200481692751e+03 1.858345015329512535e+03 2.939688409130771106e+03 2.288918646237920257e+03
2.035928335661708843e+03 1.943779836617160981e+03 1.287880706166530217e+03 2.166235579309290188e+03
2.360757893040172348e+03 2.395020871043538136e+03 1.499374296010781109e+03 1.821624872158170547e+03
1.997544349108622555e+03 2.729128450570142377e+03 1.489244236011079920e+03 1.484437665312179888e+03
2.184221718101223814e+03 3.147509364875151732e+03 2.298285715900767173e+03 2.200990859129669843e+03
1.825296453988368739e+03 2.956485179193579825e+03 1.524085658157669968e+03 3.061978563972295888e+03
1.269973326905375870e+03 2.236405018628418475e+03 1.542441812760529501e+03 2.790224175382933026e+03
1.455358420561255116e+03 1.702787431634749737e+03 2.248204951899040680e+03 1.268916244592546718e+03
1.700551508943586668e+03 1.883097781133243188e+03 1.533573740752359299e+03 2.340568146100300510e+03
2.093762690179049969e+03 2.680761042748979889e+03 1.342910952967880803e+03 1.581850444457752019e+03
2.309189799640200363e+03 1.661015130050049265e+03 1.613043741813500674e+03 2.843121565630237455e+03
2.243668127773140441e+03 2.251274269209789054e+03 2.305826248084098552e+03 2.315435934695233300e+03
1.760848578731011003e+03 2.534766281553924273e+03 2.506132560180200016e+03 2.302433785672359591e+03
1.965350504982219718e+03 2.378640772127755554e+03 2.041035182881329092e+03 3.033395663008301199e+03
1.409365219212530064e+03 1.884898960598580743e+03 1.672202056753569195e+03 1.725201824976960779e+03
1.365847547149420279e+03 2.018183488355589361e+03 1.762504263904220352e+03 1.564280623398160969e+03
1.067383521034325895e+03 8.800251129198823037e+02 1.198268500273352402e+03 1.032514353210808622e+03
2.637277955258021393e+03 1.652744727882671214e+03 1.416131825759550338e+03 1.844297561201059580e+03
1.901944913123597871e+03 1.464189869938149059e+03 2.600652443971259345e+03 2.649184278671529682e+03
2.220876755621944540e+03 1.787612315512518762e+03 2.325221686275570391e+03 1.539694759994679771e+03
1.952240875985071398e+03 2.182777117388859551e+03 2.134263308048381077e+03 2.002241228757598947e+03
1.328296001791650269e+03 2.138059608046200083e+03 2.433547189709959639e+03 1.542518132345107006e+03
2.109196256695086959e+03 1.930036619985281504e+03 1.654491904826631071e+03 1.154711890522279646e+03
