1.089510219213319942e+03 2.304741408977530227e+03 1.310111791952836938e+03 2.475911366515210830e+03
3.589717389890303821e+03 3.284102698416880230e+03 1.522488084681510372e+03 2.398270175633781037e+03
3.536199751993179234e+03 3.431046367310300411e+03 1.951635248508029690e+03 2.912824400951658390e+03
3.534918090964880321e+03 4.021132165972139774e+03 2.442236939307193097e+03 2.910995002456740622e+03
3.863819227338828568e+03 3.999950719011469118e+03 2.776915302603649252e+03 3.385008261326229331e+03
2.456890877184755482e+03 4.418397895015090398e+03 2.521857586338530382e+03 3.901447328500766162e+03
1.500495887124759975e+03 3.776891038141251556e+03 2.680492345343178386e+03 3.046352444909738551e+03
3.712694989168241591e+03 1.891361402143511441e+03 2.743723987091219897e+03 1.946433001684946248e+03
3.521151848995550608e+03 1.939797435016840609e+03 1.723969211491739770e+03 2.853906347566880868e+03
3.542001828446489526e+03 3.828644502075470882e+03 2.145726692730630020e+03 2.687176870295807021e+03
3.053888611857510114e+03 3.613403909053269672e+03 3.091093382881059370e+03 2.966773671911871133e+03
3.120920421687058479e+03 3.275790193010190706e+03 2.394157725523000408e+03 3.533930367343351463e+03
1.716825300314299966e+03 3.191169105573899287e+03 2.149611439362259262e+03 3.582957981282959736e+03
1.139447782736560839e+03 4.963744947105920801e+03 3.236252356267159485e+03 4.120384349579717309e+03
2.520655401554171476e+03 2.131165317301680261e+03 2.403758747676699386e+03 2.089712139457720696e+03
3.216133584035189415e+03 1.653892176743445816e+03 1.453623345284000607e+03 2.080805838762509666e+03
2.752610504906069764e+03 4.302570499360543181e+03 2.151767542694280564e+03 2.716147403661714634e+03
3.575589310812034455e+03 4.096332476560241957e+03 2.233108586295707028e+03 3.214663990978220681e+03
4.183893520421980611e+03 2.309495104749059465e+03 2.379910225143238677e+03 3.303653560174978338e+03
1.842135094233673044e+03 2.593865056182524313e+03 2.756442264190045535e+03 1.736779049703070996e+03
1.133814582142061226e+03 2.700742688254598761e+03 2.542979848626537205e+03 2.180337867276070028e+03
3.503452503804423031e+03 1.518223526408162797e+03 2.815173935090970190e+03 2.488658091857880208e+03
3.753412332456491640e+03 1.573563012633219842e+03 1.833148822570796256e+03 1.307786082243510464e+03
3.146865076762825993e+03 3.342992554042239135e+03 1.925726061715740798e+03 2.131602086623272044e+03
3.311415702245489229e+03 3.090708376498330836e+03 2.565869600374775473e+03 2.283934560142750342e+03
3.236195722281770941e+03 3.689849147779685154e+03 3.074045059785061312e+03 1.235554335616438038e+03
1.791802853586696074e+03 3.875135308620472642e+03 2.950687430705074803e+03 1.064501334246422630e+03
1.319043046987273556e+03 3.614154810284468113e+03 2.744507806854679075e+03 1.789457789677191613e+03
3.100736725148455662e+03 1.729536324697728560e+03 2.772382248150616761e+03 1.359346487272548984e+03
3.455314671571079089e+03 2.420940730427930248e+03 1.410471425911095139e+03 2.279848726754660674e+03
3.496607270806363886e+03 4.156349172791906312e+03 2.045287320559612454e+03 2.276584336409579919e+03
3.269380376500969760e+03 2.656910684750411747e+03 2.601877412868905594e+03 2.299754804836918993e+03
2.674857926767700519e+03 4.359205301680154662e+03 2.484269780538190389e+03 2.948112858263008093e+03
1.599767121815950304e+03 4.248873784541699933e+03 2.489789037560740326e+03 2.227582494061909529e+03
1.610863559489157524e+03 3.631010849895690626e+03 2.590429421908203949e+03 3.332343762190630514e+03
2.892708733222986666e+03 2.511334961090082288e+03 2.180331767855561338e+03 1.916272910107119969e+03
2.744929351100885469e+03 1.883021163742760109e+03 1.769455491814858760e+03 1.592930582217819392e+03
2.850997823464493194e+03 4.667102310442458474e+03 1.062346019892072036e+03 3.453823262781050289e+03
2.982572163754790381e+03 4.092715976022558607e+03 3.203563361124734001e+03 2.303147657466020974e+03
3.173035418388259131e+03 3.824518736495219855e+03 3.143586851491414563e+03 1.780159793000340869e+03
1.624620020266627762e+03 3.453142528597159981e+03 2.907075912423319096e+03 1.483419108027530456e+03
2.796237441611054237e+03 3.490315516710939846e+03 2.869791813847093181e+03 1.337417849872061197e+03
3.692891760499345764e+03 1.706731886941648554e+03 2.205933326304877482e+03 1.085926181792709031e+03
3.958161199333973855e+03 1.515159649955443456e+03 1.850473596834210184e+03 1.239076904683961402e+03
3.578078009901679252e+03 4.138382018944017545e+03 1.401270778574737960e+03 1.619641014755419747e+03
2.997435775786814702e+03 3.802525011479099703e+03 1.942283589639888305e+03 1.799790320837728359e+03
2.936375589570190641e+03 3.542518800007999744e+03 2.222290213032225438e+03 2.011093470847321441e+03
1.915060417153189519e+03 4.480143432736727846e+03 3.461930703408203044e+03 1.668942638093520145e+03
1.557869633810130836e+03 2.946712612890369201e+03 3.055955606422816345e+03 1.618983253764439723e+03
2.987040802035940033e+03 1.830389793785676375e+03 2.578933724582117065e+03 1.825551572416050476e+03
3.126494168849623748e+03 1.601097874344462980e+03 2.311490143538017946e+03 1.557031821508729990e+03
3.247710547301952829e+03 2.862844617164688316e+03 2.146549590843869737e+03 1.235685200543470273e+03
3.467247761573146818e+03 4.161560025533661246e+03 2.314607746943989696e+03 1.981220035265190745e+03
2.838958961937039930e+03 3.777003973492139266e+03 2.785317978182689330e+03 1.693722571552580121e+03
3.096224801914909222e+03 2.911428300189925721e+03 2.444110094443398339e+03 2.746806748155790046e+03
2.731073605919767033e+03 2.995923846438832697e+03 2.485750466378677629e+03 1.635057836704259898e+03
2.870354691690101390e+03 1.973220480705569571e+03 2.438015701667334724e+03 1.247223475043570943e+03
3.497662726448435933e+03 1.938366231155001515e+03 2.065837134708595840e+03 8.410039631085292058e+02
4.197094432178793795e+03 3.539512318630184382e+03 2.017254630924134290e+03 1.681064242385280522e+03
2.938879143815043790e+03 3.636120933502679691e+03 2.500701552989858101e+03 1.705746910606951133e+03
3.501802853350189253e+03 3.587152290536467262e+03 2.313246643765552108e+03 1.985786572584749592e+03
1.802495533230634464e+03 3.547744089520419948e+03 2.748330723068620500e+03 2.369483497929410078e+03
1.516407891060698603e+03 2.871200925270590233e+03 2.949480803329988703e+03 1.747120832866010460e+03
3.687579828397520032e+03 1.915602931711067868e+03 2.906715556887786079e+03 1.101700346136120061e+03
3.370185220377150472e+03 1.968687805328934701e+03 1.258481045281896513e+03 1.351656747941879075e+03
3.417678416978465975e+03 3.586624911507360594e+03 9.782689836983527130e+02 2.832035840322409058e+03
3.543060497607687466e+03 3.708185460185776719e+03 2.334529563937045168e+03 2.561139997310028775e+03
3.066099436080081432e+03 2.609433745285137775e+03 3.493875315594654239e+03 1.886489062690990977e+03
1.397375061101985921e+03 3.833625910581578864e+03 3.030105600970111482e+03 1.774182488741720590e+03
1.682824485501794697e+03 3.472733280507275595e+03 3.686137506301599387e+03 1.474187189327400120e+03
3.940390128231777453e+03 1.884283160790272632e+03 2.953572046403948661e+03 1.085516135962170665e+03
2.826086540733251240e+03 2.260942265390021930e+03 1.904357277885381336e+03 1.776310788439770477e+03
4.224660533297763322e+03 4.367681093992066963e+03 1.329057661981254569e+03 3.554020690369708973e+03
3.272587068823549089e+03 3.496560402783283280e+03 2.962164013727782731e+03 2.710988264180557962e+03
3.271741165892794015e+03 3.350388535810021494e+03 2.861522729506173164e+03 2.936634638795270803e+03
2.194635026526695583e+03 3.724264614075804275e+03 2.044326666844493957e+03 2.051997334770940142e+03
1.977003116998069345e+03 2.855498502007179923e+03 2.509856792236658293e+03 2.775307284396427349e+03
3.820720936027695643e+03 1.879954008000171598e+03 2.684131327877023978e+03 1.974909287478991246e+03
3.505388931101020717e+03 2.555530894261648427e+03 1.271477937384268444e+03 1.691690772290410678e+03
3.619968882024566483e+03 2.957671576622302382e+03 1.193780505537278259e+03 2.383193688241080963e+03
3.781142787939434129e+03 3.384960530514110360e+03 1.814952881503315439e+03 1.927661789724421396e+03
3.561513364871866543e+03 2.971995747002007192e+03 3.078555745118570485e+03 1.418992439039349847e+03
2.154153098860999307e+03 2.972113083702630320e+03 2.932440515997444891e+03 1.734486900702580897e+03
1.222572597410918206e+03 2.519505851072904079e+03 2.613737369731469698e+03 1.570686830867678509e+03
3.299006373840034939e+03 1.875745445057891629e+03 2.211626973047449610e+03 1.129373663540671259e+03
3.578527292813955683e+03 1.303606394046652895e+03 1.034387572315607031e+03 1.497480798871460138e+03
2.638885197252996477e+03 3.340942440449233800e+03 1.257782442461493702e+03 1.852050544370489661e+03
2.852860212624095766e+03 3.189919013447264660e+03 1.954268704542217165e+03 1.217984022477550752e+03
3.744107515511878773e+03 3.482991752692607406e+03 2.883886829459057481e+03 1.779942465531597918e+03
2.029634529847377962e+03 3.270062889074679333e+03 2.307631384540873114e+03 1.830176288950029630e+03
8.696682711322355317e+02 3.053748317403269539e+03 2.103649598996255008e+03 9.985433808700581721e+02
2.578695465817101649e+03 1.672962926901573155e+03 1.673922050801379555e+03 1.093088946770631082e+03
3.136488812651109583e+03 1.449749549785390627e+03 1.247928757006848173e+03 1.210185844764400827e+03
2.978256317505089100e+03 3.100920569579309813e+03 1.340094192538655079e+03 1.277845859193310389e+03
2.867699150850577098e+03 2.980176973292820549e+03 2.005451940019722315e+03 7.810728490053697897e+02
2.842089575821878498e+03 2.551150791136076805e+03 2.204187450726557472e+03 1.272079838617159112e+03
1.137989039791345022e+03 2.942179653072584188e+03 2.034060350530088726e+03 9.893205170874098258e+02
1.461376627724990612e+03 2.398346373067110108e+03 2.171965249541657613e+03 9.091097829971186002e+02
3.352664490190272772e+03 1.209226195515258951e+03 2.261822560629150757e+03 2.213053308481599743e+03
2.597898397035628477e+03 1.464016575206769630e+03 1.582099029339820845e+03 1.366887462179671274e+03
2.895947601365973242e+03 2.954953122189196620e+03 9.615637276927873245e+02 1.031919497911669168e+03
2.607765126435928323e+03 3.590168669886065800e+03 1.626978029848392907e+03 8.772305336402514513e+02
2.878556617782458488e+03 3.331729059323625734e+03 1.286020687083006123e+03 6.622512866268407379e+02
1.527198720233096537e+03 3.486401280787354153e+03 1.861703547480966336e+03 1.737904351945770031e+03
1.020407340149563424e+03 3.151892448625541874e+03 1.263500025067494789e+03 3.292715940135818528e+03
3.326789114270575737e+03 1.391278052196547833e+03 1.664978589972565715e+03 1.436832504192509077e+03
2.565620166227601658e+03 1.493377492234401871e+03 1.101383126673817969e+03 1.156951049276920457e+03
2.318696904313118466e+03 2.560253296972150565e+03 8.013940956777814790e+02 1.235845510672870660e+03
3.049743064601811966e+03 3.442217672087399478e+03 1.662498784062689992e+03 1.975511898442679012e+03
2.728224653581516577e+03 3.429745520548301101e+03 2.303539256231448235e+03 1.178362787750938878e+03
1.529081893590807340e+03 2.805146021077342994e+03 2.414143553672038252e+03 9.879415648941394466e+02
1.097191605303859433e+03 2.742001452086593417e+03 3.124145263495716790e+03 9.748234954935105634e+02
3.001862216782186806e+03 1.699744770358367532e+03 2.199384534155120491e+03 1.039821950174071389e+03
2.766531967870161679e+03 1.237379928534200189e+03 1.707875972560482296e+03 1.062175550827880215e+03
2.757162432800808347e+03 2.879173608562990012e+03 1.042263033408778028e+03 1.214396184320919929e+03
2.423463710382804493e+03 3.354771122710445525e+03 1.901068667070978336e+03 1.214935342747940012e+03
3.073271748811284851e+03 2.863840730297448317e+03 2.856342997822484904e+03 7.530598830000290036e+02
1.779018342607419982e+03 1.351634851640552006e+04 2.067123143799426543e+03 1.507198504927930117e+03
1.490516889580097995e+03 2.927791434208281316e+03 2.257314232585089485e+03 2.107895971070740416e+03
2.625399942716029727e+03 1.399277846858106386e+03 1.628778262343927054e+03 6.934450583543712128e+02
3.947428846583107770e+03 1.577476229422125471e+03 2.096042945294659148e+03 1.079682697363608895e+03
3.161509994064196690e+03 3.669961950775080368e+03 1.689870302793899100e+03 1.432255419314509709e+03
2.640630199819135669e+03 3.385459751910141676e+03 2.938301117971364874e+03 1.920309326857179258e+03
3.552665168959712901e+03 3.004692102544289810e+03 2.462492823542319456e+03 2.465514149667849779e+03
2.115686031684126647e+03 2.834393517706091188e+03 2.436469359805780186e+03 2.408732522310159766e+03
8.400901627397597622e+02 3.712656135398439801e+03 2.614920529565565630e+03 1.589267416553340809e+03
2.772596848803706962e+03 1.618572611693609360e+03 2.475236089821821224e+03 1.421282740038039265e+03
3.303194003349547529e+03 1.479414029124120134e+03 1.915616598535840239e+03 1.323244562889460212e+03
2.932209135879666064e+03 3.123502159667650631e+03 1.119325021856569947e+03 1.352025647828120782e+03
3.219462913249790290e+03 3.336396528502229557e+03 2.591997209503946578e+03 9.828068157979487296e+02
2.300308003562048725e+03 2.653765981704789738e+03 2.363919392631845767e+03 1.138106994957859570e+03
1.683487023856562701e+03 2.259180959207758860e+03 2.596570174829148527e+03 1.615412475291010196e+03
1.206864852223292473e+03 2.771001841784180215e+03 2.343217173905999516e+03 1.050265209943008813e+03
1.845315397871461755e+03 1.545390067304309923e+03 2.436409351575190158e+03 1.214628513925288644e+03
1.743352108721702280e+03 1.370465098794629739e+03 1.372973797461640061e+03 1.583374558920229902e+03
1.589141630097751658e+03 2.943664968580500499e+03 1.648334027259281356e+03 1.578235350002179985e+03
1.200715389757036974e+03 2.470022103339619207e+03 1.903024298190370246e+03 6.336455525581695838e+02
1.691118352150811006e+03 2.694786341467848615e+03 1.820141557018911044e+03 1.364775697653620227e+03
1.108834023563667870e+03 3.193232641275610149e+03 2.264152153469089171e+03 8.638370545379493706e+02
9.306095600985963756e+02 2.369173081433769767e+03 1.108229110597940235e+03 1.080685230764838707e+03
2.015168312606534528e+03 1.528943766783380852e+03 9.935530290743499791e+02 1.008100887974040234e+03
2.318325051835902741e+03 1.134429531505900741e+03 9.000249704224606830e+02 9.242806706377996306e+02
2.161434849956877770e+03 2.814503674294788652e+03 1.138292407854331032e+03 8.120497732061703573e+02
2.229520451004864299e+03 3.674245918134620297e+03 2.606279080571537634e+03 7.151834256606107374e+02
3.619133942691393713e+03 3.310040220962620879e+03 2.633626973130049009e+03 1.431059668328600310e+03
1.589491288236701621e+03 3.028532665803990312e+03 2.102333422205580064e+03 8.605184887502891797e+02
6.473072520177347542e+02 2.006408927374490304e+03 2.105468252123979255e+03 6.944080510573894571e+02
1.040232868697146841e+03 2.119746394471429085e+03 2.139793456786550450e+03 4.480498630623478675e+02
3.258195708787770855e+03 1.063782110481270138e+03 1.640137613951708772e+03 4.346612898223193042e+02
2.215554428075703981e+03 1.636285158026879799e+03 7.267445284878995153e+02 9.068800259768067917e+02
3.003139284065869106e+03 3.127112336853049783e+03 1.380968742135719367e+03 1.184535174655109586e+03
1.976385663190087143e+03 3.476903703875022984e+03 2.034018174596259996e+03 6.750235534661587735e+02
1.721119459635074236e+03 3.390069883357742583e+03 1.882582941466749617e+03 4.757419705922293360e+02
1.378082385886580596e+03 3.282198979334423711e+03 1.877835069447219212e+03 9.056865294694798649e+02
2.914097771321405162e+03 1.798698696389055840e+03 1.925825258901000780e+03 1.202586669975829864e+03
2.846314012137264399e+03 1.102470692801822224e+03 1.474907469598550961e+03 1.152742721070258995e+03
2.777364675278346112e+03 2.188384854892186922e+03 1.425308048832841450e+03 1.405850394071241681e+03
1.999924805720478616e+03 2.863366180750923377e+03 2.594760560263410298e+03 8.749149828467816405e+02
2.302407623330800561e+03 3.104921622607380414e+03 2.304472845786351172e+03 9.334762862522184150e+02
8.694450172697561356e+02 3.785179824508330057e+03 1.940007447247982782e+03 8.347786314759396191e+02
1.167470372526721803e+03 2.385803902209039734e+03 2.190154488365482393e+03 8.206629157331481110e+02
2.695326063272919782e+03 1.776618443730390936e+03 1.852360734050867904e+03 1.053249156032399696e+03
2.869833327744890994e+03 1.387721986772490709e+03 1.553410644099349156e+03 9.629607346777083876e+02
2.589409196708909803e+03 3.020057254558520071e+03 1.323473797344209743e+03 4.747633491713586409e+02
2.400202452526829802e+03 4.006865291914460613e+03 2.240912480852801309e+03 7.441984786511893617e+02
2.744374660634893189e+03 3.291168328395180652e+03 1.763902554949461774e+03 1.214423256914627927e+03
1.601570383228856372e+03 2.945526511798589127e+03 1.656581147311979294e+03 6.798867003310806467e+02
8.455056478224087186e+02 2.647664101306419980e+03 1.822410008303779250e+03 8.181316872884599434e+02
2.764297130206742622e+03 1.756312818399899697e+03 1.526628863508802169e+03 1.130249853744959182e+03
2.823613532237958680e+03 1.282255319537161995e+03 1.436062709971411095e+03 9.896214850308588211e+02
3.961217306135302351e+03 3.556463762834318914e+03 1.874427110907829046e+03 8.814103571242412727e+02
2.757984757299625926e+03 2.096335066950588953e+03 1.998574875486810924e+03 5.780235719657393929e+02
3.329614412140123022e+03 2.096576940778550124e+03 1.376936807692240109e+03 1.062671664936940942e+03
1.627301852139983566e+03 2.853432409296769038e+03 8.752656239532407199e+02 1.204755856705782207e+03
1.015966145839677665e+03 2.391967740447069446e+03 1.552449833731978288e+03 9.536474247126789123e+02
3.151093315973810604e+03 2.144175345824300166e+03 1.375558753309531312e+03 1.041853706295067241e+03
2.431939390099329103e+03 1.135442116043295755e+03 1.272535771067681708e+03 9.279265145008102991e+02
2.145207602241107452e+03 2.427256390425860445e+03 1.363373780843710847e+03 1.245983862360759304e+03
1.988419491267292869e+03 2.155401685456839914e+03 1.236873683779478597e+03 5.923037588908191537e+02
1.926042609829932189e+03 2.856211616367465467e+03 1.506902887403119166e+03 5.293929771574112237e+02
1.399814771823178489e+03 2.420513378781470237e+03 1.681164698368160316e+03 1.232510983801392285e+03
1.437782634140778100e+03 2.394939239518760587e+03 1.125547702639170893e+03 5.198341178861701337e+02
1.539606873079553225e+03 1.742172609368930353e+03 8.521690576936798607e+02 1.241258319343738549e+03
2.363277172473685823e+03 1.307857638102892452e+03 1.270243503643181612e+03 7.074069916881690006e+02
1.136696619310377173e+03 1.988484355658447384e+03 9.613344897779297753e+02 1.438150390545950359e+03
1.585009933717084095e+03 1.865952303144640609e+03 1.395309418439399451e+03 4.220427112073812168e+02
1.506468241701646548e+03 2.163855770118878354e+03 7.925928222688398819e+02 6.008978950280725257e+02
9.427772245439778089e+02 3.366326987430510599e+03 1.508077037413839207e+03 1.143030613823957538e+03
1.292492645590080429e+03 2.635137361983570372e+03 1.224872485605650581e+03 8.696110709728091024e+02
1.919725676131703040e+03 1.761547706835054669e+03 1.633235662606020924e+03 1.175176123671779351e+03
1.722369734104771851e+03 1.195958399561868646e+03 1.550472589798369881e+03 1.149067236795479403e+03
1.428483960362837934e+03 2.084705167903552137e+03 2.441189770468050483e+03 7.688413263917591394e+02
1.330039850718491834e+03 2.902687819655026942e+03 1.496406425955980012e+03 4.358893996337901626e+02
1.284421618947983916e+03 2.343032245277845504e+03 2.003476780875460463e+03 1.050056137539890187e+03
1.031008079552029812e+03 4.948436226623571201e+03 1.356854717665721182e+03 8.663796019844994589e+02
9.264961431163364978e+02 2.218722688967589420e+03 1.429901777907480209e+03 4.742155172881593899e+02
1.678184088743418215e+03 2.074990105985014452e+03 2.103560684111813316e+03 1.624128459813240624e+03
9.641296850394401190e+02 1.190640730070856080e+03 1.158391384493974329e+03 1.094839395989829427e+03
1.250891775242078438e+03 2.979858540780684052e+03 1.178699900142069964e+03 9.701773677995206526e+02
1.282022337522597809e+03 3.046163863165839757e+03 1.413479057238002497e+03 8.332545165191404521e+02
1.135879904195080599e+03 2.463464100327109009e+03 2.069604771321857697e+03 5.463305539793800563e+02
1.197001606715633898e+03 2.975579786485085606e+03 1.755020522441234789e+03 6.534238668872312701e+02
1.273601209973816367e+03 2.180016540026982511e+03 2.247491286948436027e+03 7.380344215917903057e+02
1.680002186529522078e+03 1.420001065960367669e+03 1.173028080106996640e+03 9.722154371835604252e+02
1.204982104998179238e+03 1.688478296902630973e+03 1.376743968013521226e+03 9.310371265516296262e+02
1.773020467891057706e+03 2.941121727130914223e+03 1.160605971319424498e+03 9.298323943632494775e+02
8.657981040190206841e+02 2.306457984616688918e+03 1.709184943659913188e+03 9.656783521892193676e+02
1.166055224196921699e+03 1.771119961597479232e+03 1.541597867155222048e+03 4.326220419534583925e+02
1.188199255653711589e+03 1.796581110864050061e+03 1.566187649886853251e+03 6.362714671733992873e+02
1.119651708895393313e+03 2.516831390030140938e+03 1.934538765562212575e+03 7.697151692280294810e+02
1.184319623019345272e+03 1.700212130742280351e+03 1.497798247955527586e+03 5.168765866789599386e+02
9.251045815908246368e+02 1.711366548117376624e+03 1.235855488706716642e+03 1.048624965898108712e+03
1.386604448246137508e+03 1.984310272629661995e+03 9.795810290039953543e+02 6.794519795025098574e+02
1.102681684377670535e+03 1.515337037961789974e+03 1.169864726002807402e+03 5.715603003561300284e+02
1.166533358559999215e+03 2.217649378425395298e+03 1.725981540919950021e+03 1.059801330005489945e+03
1.690736772478844614e+03 1.601338358840705951e+03 1.773518588047637422e+03 1.007304773967360234e+03
1.005335219757091181e+03 1.519594286396675670e+03 1.466771831049536559e+03 9.839930809717989177e+02
1.873605402769908324e+03 1.229478313729464389e+03 1.931741551681852798e+03 8.788532979818010062e+02
1.448412642183977368e+03 1.352836760449716166e+03 9.482253680451794935e+02 1.252412058234591314e+03
1.156870401487087292e+03 1.737856628453526355e+03 1.043180576014247890e+03 1.404733610702880469e+03
1.331195027669587034e+03 1.394125931748181756e+03 1.667144769371255279e+03 8.885976946447590308e+02
1.252199753578594027e+03 1.487362010784923768e+03 1.529888662692510479e+03 1.172266648024979077e+03
1.969045814474176950e+03 1.531531323452727520e+03 1.783190385999037971e+03 1.004599750500259688e+03
1.193577606626527995e+03 1.680939537804821157e+03 1.279224307371346185e+03 9.140502078717399854e+02
1.562873149018420918e+03 1.201334441060635982e+03 1.596453063940214633e+03 9.349128976735610195e+02
1.519051222466653599e+03 1.781458816512922567e+03 1.221048711755140175e+03 7.126306759082908684e+02
1.651516371554280340e+03 2.216703894206834775e+03 8.356124394175949419e+02 1.724264543524210239e+03
1.161985220864953590e+03 2.108175600272184056e+03 1.578740063851466402e+03 8.124974564561798616e+02
1.132501708120089461e+03 2.318607847988557296e+03 1.367294505785019282e+03 7.785552640865607827e+02
1.154398191392264380e+03 2.714950504666941924e+03 2.105059065388515592e+03 1.296702027546480167e+03
1.158756326287650154e+03 1.653037752011784505e+03 1.170231632189511402e+03 1.539830167743009952e+03
1.368095610320345259e+03 1.539445929891783635e+03 1.469560979165747995e+03 9.380825194872486463e+02
1.863819205599788802e+03 1.276565890629186470e+03 9.372807862411209499e+02 1.011910949129471192e+03
1.769042244644870152e+03 1.960142528540163767e+03 6.032070573610235442e+02 9.539024915384634369e+02
1.754291296034283732e+03 2.017171978487853266e+03 8.894235827427291952e+02 1.024600459023979056e+03
1.104078055514385596e+03 1.915352477644186365e+03 1.203238494302100662e+03 1.281305513254888865e+03
1.628102190852304375e+03 1.882441866461986137e+03 1.539397203290589459e+03 1.410017765297221558e+03
1.346745531707342707e+03 1.532227051761822622e+03 1.424285478851617881e+03 1.165598076036467319e+03
1.672912409685649436e+03 1.837188023956724464e+03 1.467379677024386183e+03 1.078989073163080320e+03
1.162316769060580555e+03 1.957161750302239852e+03 1.149909716136433417e+03 1.004875424773079430e+03
2.256103741258420996e+03 1.754091106298737941e+03 8.439322108996429961e+02 9.171926109507421643e+02
2.831449716864250149e+03 2.163889192810764143e+03 1.537778882069518659e+03 1.262568092199326202e+03
1.251293925468458838e+03 2.212855112570620804e+03 1.458474252454780981e+03 1.115681972550610226e+03
8.355331901892527640e+02 1.461967322161838638e+03 1.126536084569940613e+03 1.016894911295779821e+03
9.015575553447897619e+02 2.255848608347173467e+03 1.396522669829242659e+03 9.871576714688480934e+02
1.944457964542288209e+03 9.819041898590585333e+02 8.951676080425795590e+02 1.037877672516252460e+03
1.271594925357360353e+03 1.192801126746254340e+03 5.289194886278073682e+02 1.106912110363785359e+03
1.697674971721030488e+03 1.461826932798675443e+03 4.336301872989160984e+02 8.984459517254290404e+02
1.406884599641746718e+03 1.727855515181688133e+03 7.822905329699487993e+02 1.575688549497834174e+03
1.377864131220172567e+03 2.280760633131640134e+03 1.575487198080727467e+03 1.140965305254811028e+03
7.645571220142419406e+02 1.946206774004805993e+03 1.808496122798998840e+03 9.902437840787952155e+02
1.505357188177537864e+03 1.539781592927557540e+03 1.367341369932344605e+03 1.157994953717562566e+03
1.733685354862227996e+03 1.328350156713276192e+03 1.610813224402723790e+03 7.547190170979647519e+02
2.020054034038870668e+03 1.194144569907208279e+03 8.246285257189520053e+02 9.533443253679215559e+02
1.819362174687896186e+03 2.303506485508542937e+03 9.086155445197555309e+02 1.246433584780435012e+03
1.674587312739173285e+03 2.999359564326033251e+03 1.399639631135903983e+03 1.245058253945973775e+03
1.320468646492608059e+03 2.557348696635278429e+03 1.327284522340008152e+03 1.329975761055631665e+03
9.461987290402794315e+02 2.746773397751478115e+03 1.313439540141703219e+03 1.122575218216441499e+03
7.273944343637867860e+02 2.161074970300956011e+03 1.245092980662502669e+03 1.705886772126551477e+03
1.957037470833985935e+03 1.321096684541248123e+03 1.547234114156663054e+03 1.001844199452931207e+03
2.103302455214807196e+03 1.515837651008446301e+03 6.395600974023536764e+02 6.821329108269819699e+02
2.509806159470939747e+03 2.898052876604566336e+03 6.669014830703645202e+02 1.264461975797048581e+03
2.219630271579069813e+03 2.375188290658466030e+03 1.083740718098899379e+03 1.823293699654863303e+03
2.077350185712621169e+03 2.031158628073678301e+03 1.681958293487271476e+03 1.680094721408435362e+03
1.118926399033160124e+03 2.889414062798308805e+03 2.094608335197315682e+03 1.763428182236018984e+03
7.895165399565776170e+02 2.354055123243185335e+03 1.795155666520239720e+03 1.536312770086803539e+03
2.226222588973262646e+03 1.561179751734906858e+03 1.835745232212607334e+03 1.331275190718559315e+03
2.973820089067417939e+03 1.120365594499710824e+03 8.183551516945262847e+02 1.080613206279933365e+03
2.659692324907869988e+03 3.075950152458454795e+03 8.713404404565753794e+02 2.343527204650325075e+03
2.558165900891593083e+03 2.242353716433814043e+03 2.212038719461684195e+03 2.168034663015843762e+03
2.465725171162578590e+03 2.183963587327224559e+03 1.716713644993572416e+03 1.804404774813180666e+03
1.098046483805142998e+03 2.884038213941276808e+03 2.190726037040244591e+03 2.264345819256198411e+03
1.269393130398910216e+03 2.827373071320080271e+03 2.442273071252516274e+03 2.791309225009178590e+03
1.489315186061930490e+03 1.141835422521065993e+03 2.093393036234137981e+03 9.621335576801739080e+02
1.334476409309685550e+03 1.368217437640078060e+03 1.239627882736117499e+03 8.957081860298658285e+02
1.484179868023871677e+03 2.072582491782408397e+03 1.178940207758443648e+03 1.184115170384378871e+03
1.420077185775542148e+03 2.850748437461010326e+03 2.530569042961526975e+03 2.014406465548496271e+03
1.500570133706720299e+03 3.402444151206597780e+03 3.039948176751616302e+03 2.501776372683008958e+03
1.202426138303322659e+03 3.599341753702356982e+03 2.514638711779711230e+03 2.907967225195529863e+03
1.052910398815945882e+03 3.089419797000903600e+03 2.484600686570949620e+03 2.138020960099934200e+03
1.800658862901499560e+03 2.294902033530970584e+03 1.969659973665292455e+03 1.193568367076147297e+03
2.651065515876128302e+03 1.712557107523502054e+03 1.120041746974480702e+03 1.092746261970997693e+03
2.488132606061365550e+03 3.525608397803574917e+03 1.112522038901546694e+03 2.407998935912870365e+03
2.542170740531998490e+03 3.513311011618758130e+03 3.114454840022617645e+03 2.358605941893993986e+03
2.744557661839085085e+03 3.608226519135107992e+03 2.717685516040106450e+03 2.910106782832059253e+03
9.510324985088791436e+02 3.651888824129237037e+03 3.131529129164913684e+03 2.658522084871270636e+03
1.128383912196428355e+03 2.807123736766780894e+03 2.527246535388283519e+03 2.027664078665069610e+03
2.275410203289957281e+03 2.039526577194008496e+03 2.450162775031736601e+03 2.152484095801594776e+03
2.637056304404405637e+03 1.266734586666374526e+03 1.535538129344389745e+03 1.019898617119652044e+03
2.589784257270228409e+03 3.023688439383528021e+03 1.153647144529502839e+03 2.685184367975105488e+03
2.896851113006828200e+03 3.575373513035316137e+03 2.982365704104904580e+03 2.914382960795446706e+03
3.291964826459225151e+03 3.228994264428450151e+03 2.592214164672295738e+03 2.949237664903052064e+03
1.054741315438364836e+03 3.891077083795803446e+03 2.034314129111677175e+03 2.307523815087817638e+03
1.044024509169908924e+03 2.793543615568128189e+03 2.134971303612135671e+03 2.504266963558206044e+03
2.807788451694535979e+03 1.453662578468554784e+03 2.096915706043378123e+03 8.551156037443988680e+02
2.694641247981599918e+03 1.422168175372746191e+03 1.344220590443569563e+03 1.307982728010720166e+03
3.031007954352655361e+03 3.999368393828660373e+03 1.237279454158157932e+03 2.526997852350425092e+03
2.831822529972542725e+03 4.364221296941264882e+03 2.158541087637268902e+03 3.729272776842937674e+03
2.637351867092506836e+03 4.504009390858832376e+03 2.742580909577313832e+03 2.498962494175922984e+03
1.090634993476151067e+03 4.712075732306381724e+03 2.214573873435225323e+03 3.664592757552191870e+03
1.996624147189644646e+03 3.456801309292878614e+03 3.113216859271289650e+03 3.377762455934411264e+03
2.993424859088522680e+03 1.819238941445268210e+03 2.306647966379880017e+03 1.959165559048140494e+03
2.833586823050823114e+03 1.351914931982535563e+03 9.522674433560696343e+02 1.547987686763064630e+03
2.560353869732473868e+03 2.936635521631627853e+03 1.183692485401850718e+03 2.659642899487191244e+03
2.720521527309399971e+03 2.567072116180155717e+03 2.012867368491656634e+03 3.345932281807092295e+03
2.689007689692539316e+03 2.387775752199429917e+03 2.306993540253912215e+03 1.754747280526318718e+03
1.262944913006579554e+03 3.834588292384986744e+03 3.746214639886922669e+03 2.269121863720434703e+03
1.298621248138141709e+03 3.894558080388681446e+03 2.606674081678151197e+03 2.994704499255316478e+03
2.114137601412665390e+03 2.197270963776141798e+03 2.530885320345809305e+03 1.893236890183768992e+03
2.421981549289051145e+03 2.083930580730186193e+03 1.186503925814889953e+03 2.399910051500100963e+03
2.643533112930677817e+03 2.650003695445750054e+03 1.266284740787374176e+03 1.618770332735064585e+03
2.856082506548344099e+03 2.370525631293767219e+03 2.580338902605240037e+03 2.225455610590779543e+03
2.886644486487854920e+03 2.834357498408919128e+03 2.069361773728021944e+03 3.254933092195089557e+03
1.541989344526096829e+03 3.047044862467904750e+03 2.067467068157215181e+03 2.764635984965319949e+03
1.619621902953298559e+03 2.310738461036111403e+03 1.770529860740429285e+03 2.190559145266399355e+03
1.337215591904778194e+03 1.657447883593178631e+03 1.393100688169389286e+03 1.773951141097000800e+03
2.147328885396060286e+03 2.790019698232730661e+03 1.335831792880740977e+03 1.750380544366655158e+03
2.310951545277319383e+03 3.338634242836571502e+03 2.106209619813338577e+03 2.791711725012251009e+03
2.611980829289394933e+03 3.294786089620931307e+03 1.594975007643719437e+03 2.425283004447366693e+03
2.478544427402553083e+03 3.447603075608780273e+03 2.780965493876377877e+03 2.098265849460758545e+03
1.460307630647304904e+03 3.549902721927070161e+03 1.733686266834938579e+03 2.261127639249923050e+03
1.658363570750183499e+03 3.993281293374220695e+03 1.656192476678188541e+03 2.991914271742080018e+03
3.147126017349172798e+03 3.062540658959624125e+03 2.769991667722721104e+03 1.589424876473291079e+03
3.112279054033280772e+03 2.093766122286609971e+03 1.737997277057640531e+03 1.676870857442989291e+03
3.032233276624199789e+03 4.655641008671958843e+03 1.593944722107178677e+03 1.804746713390988589e+03
1.494529857172263291e+03 3.673963178183448690e+03 3.151249597480300508e+03 3.101849388631088004e+03
2.135754491347895964e+03 3.723660888932134185e+03 2.406096841542150287e+03 2.071965802448099566e+03
2.021015187067555416e+03 1.204103509551476236e+03 1.851124315188530090e+03 1.907764478032699117e+03
1.885820000135399823e+03 2.409904271859523760e+03 1.407908846163620183e+03 1.954361320927589986e+03
3.183576808020387034e+03 2.361816525346410344e+03 1.728772002683570463e+03 1.745233335756869565e+03
3.274493778628017026e+03 2.746349989551759791e+03 2.052600596615580798e+03 1.758764508331918478e+03
3.352387824146560888e+03 3.192228861112520462e+03 1.819275156235520626e+03 3.059147795984681579e+03
3.075390753510950162e+03 3.739382615995766173e+03 2.661958539617189672e+03 2.896275978304131058e+03
3.105717964377607132e+03 3.003224834610460675e+03 2.410678426965529070e+03 3.892915989257942783e+03
1.512611515063312254e+03 3.408822111371586288e+03 2.262819281253319787e+03 3.354381944984030270e+03
1.450804089993216621e+03 2.908924771528780184e+03 2.506212728894801330e+03 2.461366837094038601e+03
2.918949001274319016e+03 2.265920035385839583e+03 2.538586802273468493e+03 1.959402262258350675e+03
2.729312930741956734e+03 2.809237787439558815e+03 2.523563778075889786e+03 2.697636916797950107e+03
3.274099818607539419e+03 3.546431262241318109e+03 2.017658250143609621e+03 2.152817547946689956e+03
3.013675170904600236e+03 3.074748523357273370e+03 2.164980114643829438e+03 2.461060662877911454e+03
2.689840234666042306e+03 3.575367368593149877e+03 2.491866915334760051e+03 3.120634951277199434e+03
1.287704304132877041e+03 3.430381570376741365e+03 2.998380723422451410e+03 3.188170365658121227e+03
1.675034652452632145e+03 3.018419366319621986e+03 2.273863200231706287e+03 3.273685096309191067e+03
2.636191903388569699e+03 2.738060286929390713e+03 3.179757516406334616e+03 1.772613624393599821e+03
3.149642818506436015e+03 3.243089568750539911e+03 1.550978331777889252e+03 1.300513716265950279e+03
3.107893448613574947e+03 3.088278422713243344e+03 1.614490837796673077e+03 2.495641940272760621e+03
3.324972815988083312e+03 2.863371604832816047e+03 3.050234619201779424e+03 3.263224876443780886e+03
3.481258827209998344e+03 3.103539746848498908e+03 2.708255087480960356e+03 3.420868948988423654e+03
1.851769773374088800e+03 2.746458746892220006e+03 1.700607368205230159e+03 3.650676368247564824e+03
2.038574438627094423e+03 3.125666117924500213e+03 2.639353548738070458e+03 2.797774676598359292e+03
3.190102807314064194e+03 2.625395345143040686e+03 3.355686765754999215e+03 2.205130781687090348e+03
3.446248509699518763e+03 2.789003104538629486e+03 3.197950196573579888e+03 2.186664792941630367e+03
3.492298939743850497e+03 2.948731667572458718e+03 2.064572837007050111e+03 3.123917079162964001e+03
3.307697469454979000e+03 2.600366655923719009e+03 1.939556798671081197e+03 2.647654974520846736e+03
3.321458389400369924e+03 2.949578183366222220e+03 2.424456596614780210e+03 3.204407354859897168e+03
2.598812642734250403e+03 2.838147773128202971e+03 2.173260964862529363e+03 3.344239363384513126e+03
2.338759850098969764e+03 3.106121057563225804e+03 2.066614772579860073e+03 2.202111871431774489e+03
2.635078432595726554e+03 1.846039233986266481e+03 1.571724554572458146e+03 2.164937923518744356e+03
1.587537610412118738e+03 1.436243377326166410e+03 1.524544488955531051e+03 2.542305649316052950e+03
3.448340093485698162e+03 2.296536425611579034e+03 2.060555318716138572e+03 2.264431223889949251e+03
2.967197423693736710e+03 2.372821410476100937e+03 2.088440396374189731e+03 2.489389033793310773e+03
2.941528038264857969e+03 2.776680780055019568e+03 1.948722747770869319e+03 2.283337096564997410e+03
1.846462234245755099e+03 2.912174431841209298e+03 2.204708527228585808e+03 2.468923486535942175e+03
1.890634378531447510e+03 2.524733101695705045e+03 2.555398475751970182e+03 2.600242397943299693e+03
2.904767234465006368e+03 2.913103487066870002e+03 2.620655369825040907e+03 2.440722557258959569e+03
