5.699683105625880671e+03
5.699683105625880671e+03
5.699683105625880671e+03
5.699683105625880671e+03
5.699683105625880671e+03
5.699683105625880671e+03
5.699683105625880671e+03
5.699683105625880671e+03
5.699683105625880671e+03
5.699683105625880671e+03
5.699683105625880671e+03
5.699683105625880671e+03
5.699683105625880671e+03
5.699683105625880671e+03
5.699683105625880671e+03
5.699683105625880671e+03
5.684690521882382200e+03
5.660175188649862321e+03
5.611219462432683940e+03
5.571069027918202664e+03
5.508509931257925928e+03
5.430447944025729157e+03
5.361637867979690782e+03
5.307495969701436479e+03
5.260983141414933925e+03
5.284883519389983121e+03
5.302376233062783285e+03
5.296372997393559672e+03
5.255094219722372145e+03
5.260126430106349289e+03
5.274633784455143541e+03
5.238536574682357241e+03
5.217006042667603651e+03
5.262721790398906705e+03
5.258090834809213447e+03
5.237053394825166833e+03
5.217120009028059030e+03
5.169220571296557864e+03
5.170097054484524051e+03
5.169340656899072201e+03
5.161667666617381656e+03
5.124166098621022684e+03
5.112467336053491636e+03
5.088336414016244817e+03
5.086451750775125220e+03
5.084414428129110092e+03
5.087154349936387916e+03
5.112409233124718412e+03
5.125400716120335346e+03
5.086687914714889303e+03
5.106353892265608920e+03
5.108141230847878433e+03
5.085613518236575146e+03
5.070682244285355409e+03
5.061862701587557240e+03
4.987530531033725310e+03
4.917019167729787114e+03
4.878885361756476414e+03
4.886975509253814380e+03
4.856620424936554627e+03
4.825131206452192600e+03
4.820140936395644530e+03
4.784021220009096396e+03
4.735759722697300276e+03
4.740523926985781145e+03
4.758142249706465009e+03
4.763757649088956896e+03
4.767235962018388818e+03
4.725860721421213384e+03
4.685453747413166639e+03
4.629262296816455091e+03
4.608123754945734618e+03
4.577426433724322123e+03
4.566740858715248578e+03
4.566043280033381961e+03
4.541268330472029447e+03
4.527558741726966218e+03
4.498590549988112798e+03
4.495076984017781797e+03
4.518562128859503900e+03
4.488916547643765625e+03
4.497133515494616404e+03
4.509992906367368050e+03
4.501548842450712073e+03
4.491768734785064225e+03
4.511482809730945519e+03
4.542159990310844478e+03
4.565578467283188729e+03
4.561703438711210765e+03
4.566650301455385488e+03
4.550340569738674276e+03
4.514038617543815235e+03
4.510299019956077245e+03
4.501415201219623668e+03
4.462741735406852058e+03
4.448425017294747704e+03
4.440105179427277108e+03
4.429169347897523949e+03
4.419911326413291135e+03
4.414471559133018673e+03
4.429241748439037110e+03
4.436412491394899007e+03
4.408164175355145744e+03
4.386376998967906729e+03
4.397626224871196428e+03
4.426853866153197487e+03
4.481015188181934718e+03
4.516175071501228558e+03
4.532523850061250414e+03
4.529075358079838225e+03
4.557963566238456224e+03
4.601110847208576160e+03
4.600941834460575592e+03
4.610443239695590819e+03
4.613518587675564959e+03
4.611775146345723442e+03
4.612421736351321670e+03
4.609099255696302862e+03
4.629646891925022828e+03
4.637384590564245627e+03
4.658969988276908225e+03
4.757767840341305600e+03
4.876322116222316254e+03
4.952170586325549266e+03
5.031606809483652796e+03
5.057576420436615081e+03
5.073593016209836605e+03
5.112095733552521779e+03
5.148542845597886298e+03
5.179263379233471824e+03
5.192162770983841256e+03
5.219970951607129791e+03
5.276514657933528724e+03
5.302929709886092496e+03
5.309843441435324166e+03
5.334826917805357880e+03
5.314863040686863314e+03
5.318811160123858826e+03
5.317734821586827820e+03
5.329575966316008817e+03
5.353969881908630668e+03
5.340330950198794199e+03
5.343692200319353105e+03
5.388452500067863184e+03
5.433566820380826357e+03
5.483332065447953028e+03
5.479270068682161764e+03
5.500962833631968351e+03
5.506868585718545546e+03
5.511672244445342585e+03
5.498609371175930391e+03
5.432535305862652422e+03
5.358283029245676516e+03
5.306054211095678511e+03
5.248817854052254006e+03
5.248167563846322082e+03
5.241133234721171902e+03
5.225896574374572992e+03
5.253141496346510394e+03
5.241131900606806084e+03
5.230204428501916482e+03
5.208686264231452697e+03
5.189814284382375263e+03
5.215043702868948458e+03
5.188705006198947558e+03
5.142893828365778973e+03
5.125514168765289469e+03
5.071502539664146752e+03
5.033545787404508701e+03
5.013384408769581569e+03
4.940596148451948466e+03
4.859679298697239574e+03
4.800756392404190592e+03
4.710093630480758293e+03
4.614088650264533499e+03
4.505056302127768504e+03
4.452885393022779681e+03
4.388688725414823239e+03
4.319893827580791367e+03
4.280970000399084711e+03
4.254376033688629832e+03
4.202918876076777451e+03
4.139013862550480553e+03
4.111905135077242448e+03
4.085767991163801980e+03
4.035251996246122417e+03
3.986189301153391170e+03
3.938062103858549563e+03
3.858071256767325394e+03
3.812672980518348595e+03
3.788535633446417251e+03
3.758508747028382459e+03
3.712780001865979102e+03
3.646706231604446202e+03
3.629694355647811790e+03
3.578930517468265407e+03
3.531801475374768870e+03
3.519192661221917660e+03
3.512109486111233309e+03
3.508505459180347771e+03
3.526661359718043059e+03
3.561712354356323431e+03
3.576122748622293784e+03
3.590475784459438273e+03
3.619354640300698065e+03
3.681703043634042388e+03
3.720003414844325107e+03
3.757980839269157059e+03
3.787813407029902919e+03
3.783742952850693655e+03
3.786439006868397882e+03
3.812016560068264425e+03
3.824304741244988236e+03
3.825384767932785962e+03
3.827675059549228081e+03
3.816040226539323612e+03
3.801734091015718604e+03
3.797313508335379083e+03
3.796928914062189961e+03
3.819632740373906472e+03
3.814547813859933285e+03
3.816120998298020368e+03
3.819937027393223161e+03
3.826212785402204190e+03
3.834718121522526417e+03
3.860726543954803219e+03
3.870873455159856803e+03
3.863327723494250677e+03
3.859919265711784647e+03
3.834078865294249226e+03
3.806672972024559840e+03
3.784365140173305463e+03
3.776853596340471995e+03
3.769166022059841907e+03
3.746496107285016024e+03
3.686127969461404518e+03
3.650253517257392105e+03
3.607729807672180414e+03
3.576516501562569374e+03
3.577455511691071933e+03
3.563912219348571398e+03
3.553769049947668918e+03
3.529844330095191708e+03
3.520604597785606529e+03
3.503315687402565800e+03
3.482411875454421079e+03
3.487211756174738639e+03
3.485438996007897913e+03
3.496859776515771500e+03
3.496179392691870362e+03
3.505183708384733109e+03
3.494826745771895276e+03
3.476433083559405986e+03
3.463215989090339008e+03
3.441886485604273275e+03
3.428139577348427338e+03
3.418663878905231741e+03
3.432270754966181357e+03
3.417943348921264715e+03
3.406924642159582163e+03
3.406868541017934149e+03
3.405310131965765322e+03
3.402402889088146367e+03
3.392950598836531299e+03
3.394479057644807199e+03
3.404704447232573784e+03
3.403512326242892414e+03
3.411046469957958379e+03
3.412727223121479710e+03
3.412269541125807791e+03
3.416110149665588324e+03
3.415162352738593654e+03
3.429284189296978639e+03
3.435734286111597612e+03
3.450043388529474669e+03
3.484161264334413772e+03
3.516438377525674241e+03
3.532974917195615035e+03
3.533674139550182190e+03
3.513296330448136359e+03
3.501624601460438498e+03
3.520706045311248545e+03
3.558115411889856205e+03
3.569419379108728663e+03
3.578352446991913439e+03
3.585896196948615852e+03
3.604209590468572969e+03
3.604100804021903514e+03
3.619769743631070014e+03
3.632199003033634199e+03
3.648445513761207621e+03
3.652103457814516332e+03
3.675982785531054560e+03
3.689189353864275290e+03
3.698432077364276665e+03
3.746064330167543176e+03
3.810086912024907633e+03
3.858375663146482566e+03
3.921527993906176107e+03
3.941532588945247426e+03
3.951337457629567780e+03
3.954162656110834178e+03
3.967350325645917565e+03
3.961619510260803509e+03
3.973751876580673979e+03
3.997241386418952516e+03
4.026906289886494960e+03
4.065990398585885941e+03
4.089699406796451967e+03
4.140945590055554931e+03
4.195707292629656877e+03
4.257085225779476787e+03
4.278002910113884354e+03
4.341022314652361274e+03
4.409453910986909250e+03
4.475592993266061058e+03
4.570314210614527838e+03
4.685517067106121431e+03
4.766363029701567029e+03
4.833897164060063005e+03
4.898388808052710374e+03
4.953911590375570086e+03
5.001362536134093716e+03
5.091536297123177064e+03
5.160629565959007778e+03
5.190703523259110625e+03
5.207702209134055920e+03
5.239198438552691186e+03
5.242134637840258620e+03
5.285623873010159514e+03
5.359649349948140298e+03
5.428381107714139944e+03
5.488482216892842189e+03
5.546118410861565280e+03
5.610871516156696998e+03
5.644944039819542922e+03
5.648121100328395187e+03
5.690672046250807398e+03
5.740342172641381694e+03
5.757920931354940876e+03
5.790763384114270593e+03
5.796705542318566586e+03
5.816442425351210659e+03
5.827507894352034782e+03
5.827737834468020992e+03
5.829601716841248162e+03
5.819668912642694522e+03
5.787341242219353262e+03
5.784672189004364554e+03
5.794578348367188482e+03
5.794578348367188482e+03
5.794578348367188482e+03
5.794578348367188482e+03
5.794578348367188482e+03
5.794578348367188482e+03
5.794578348367188482e+03
5.794578348367188482e+03
5.794578348367188482e+03
5.794578348367188482e+03
5.794578348367188482e+03
5.794578348367188482e+03
5.794578348367188482e+03
5.794578348367188482e+03
5.794578348367188482e+03
5.794578348367188482e+03
